33333333
0	0	0
0	0	0
0	0	0
0	0	0
0	0	0
0	0	0
0	0	0
0	0	0
0	0	0
0	0	0
0	0	0
0	0	0
0	0	0
0	0	0
0	0	0
0	0	0
0	0	0
0	0	0
0	0	0
0	0	0
0	0	0
0	0	0
0	0	0
0	0	0
0	0	0
0	0	0
0	0	0
0	0	0
0	0	0
0	0	0
0	0	0
0	0	0
0	0	0
0	0	0
0	0	0
0	0	0
0	0	0
0	0	0
0	0	0
0	0	0
0	0	0
0	0	0
0	0	0
0	0	0
0	0	0
0	0	0
0	0	0
0	0	0
0	0	0
0	0	0
0	0	0
0	0	0
0	0	0
0	0	0
0	0	0
0	0	0
0	0	0
0	0	0
0	0	0
0	0	0
0	0	0
0	0	0
0	0	0
0	0	0
0	0	0
0	0	0
0	0	0
0	0	0
0	0	0
0	0	0
0	0	0
0	0	0
0	0	0
0	0	0
0	0	0
0	0	0
0	0	0
0	0	0
0	0	0
0	0	0
0	0	0
0	0	0
0	0	0
0	0	0
0	0	0
0	0	0
0	0	0
0	0	0
0	0	0
0	0	0
0	0	0
0	0	0
0	0	0
0	0	0
0	0	0
0	0	0
0	0	0
0	0	0
0	0	0
0	0	0
0	0	0
0	0	0
0	0	0
0	0	0
0	0	0
0	0	0
0	0	0
344435746328986	344435881595931	344435862629695
344435811780653	344435981595955	344435970033695
344448808325242	344449014957408	344449002629076
344448838255409	344449148290834	344449125631743
344451134091952	344451314962368	344451294482160
344451156259452	344451431629270	344451417098827
344451315178494	344451548296153	344451536874785
344451440631119	344451681629824	344451655423327
344451591105910	344451798297083	344451772273452
344451675480119	344451898296758	344451884794494
344451793089786	344452014963881	344451991031036
344451905148036	344452114964066	344452095548577
344452010655327	344452214964277	344452198245202
344452115015702	344452314964363	344452300713952
344452216852327	344452414964696	344452403035577
344452320717827	344452531631619	344452505405078
344452422185578	344452648298569	344452622523453
344452522870286	344452764965284	344452745068286
344452642890244	344452881632389	344452869921161
344452764825703	344453014966213	344452992839494
