33333333
344460520351081	344460814983271	344460793660498
344460668064456	344460964983027	344460954445373
344460813856832	344461148316791	344461127669457
344460974315790	344461331650503	344461317050873
344461147491373	344461531651159	344461507937124
344461340239498	344461731651195	344461708577540
344461526831957	344461931651801	344461909963624
344461730535457	344462131652208	344462112828207
344461932274624	344462314986000	344462304340374
344462134060790	344462514986382	344462495800624
344462325690291	344462681653410	344462669194249
344462517627832	344462848320433	344462824663082
344462690388707	344462998320755	344462972607458
344462845715124	344463131654346	344463114144791
344462995185458	344463248321278	344463237594583
344463139174624	344463381654915	344463361169624
344463257677624	344463498321858	344463487786874
344463384256124	344463648322133	344463630613541
344463508473624	344463798323085	344463778074958
344463648871375	344463948322810	344463924814333
344463797785250	344464114989828	344464096654416
344463944669666	344464298323379	344464276191458
344464118300625	344464481657247	344464465377875
344464294374500	344464681657677	344464657271333
344464485862750	344464881658268	344464859314333
344464677263875	344465081658366	344465061274334
344464878619000	344465281659099	344465261176959
344465082898459	344465464992729	344465452442292
344465283623667	344465664993289	344465641037542
344465477997500	344465831660137	344465811974167
344465662984459	344465981661054	344465957206959
344465835133126	344466131661073	344466104563876
344465976688792	344466264994282	344466239051501
344466127872167	344466381661347	344466362846834
344466281461751	344466498328255	344466487352293
344466385341334	344466631661906	344466615628334
344466508177876	344466781662184	344466762787876
344466635646334	344466931662595	344466908913584
344466783529168	344467081662867	344467058448293
344466928419751	344467248330050	344467229771501
344467077377793	344467431663410	344467412838251
344467251068293	344467614997323	344467602238626
344467434877085	344467814997729	344467794528710
344467620425918	344468014998183	344467996492460
344467815099002	344468214998434	344468198649710
344468015592877	344468414999058	344468391281293
344468220453252	344468598332742	344468580882627
344468410503960	344468781666493	344468758672335
344468600996127	344468931666823	344468919738752
344468777680419	344469081667731	344469065510919
344468939792794	344469231667451	344469210506127
344469086265169	344469348334387	344469333384586
344469234926461	344469481668015	344469457123294
344469353732336	344469598335286	344469580568919
344469477699877	344469731668512	344469717875711
344469600317086	344469881668833	344469864519836
344469736061836	344470031669506	344470010624794
344469883037294	344470198336213	344470175076753
344470029491294	344470365003227	344470348085961
344470194973128	344470565003636	344470538835128
344470371442169	344470748337216	344470729731003
344470559254503	344470948337649	344470930256211
344470750413711	344471148338273	344471132496961
344470947995045	344471348338521	344471337420212
344471151237628	344471548338923	344471529561795
344471358939712	344471731673093	344471719440045
344471550877545	344471915006792	344471893426420
344471740191003	344472065007048	344472043691920
344471912597712	344472215007022	344472191170837
344472063132504	344472348340830	344472330603295
344472210341670	344472465007497	344472454233379
344472353865920	344472598341166	344472578404004
344472476113337	344472715008291	344472703339171
344472598468629	344472865008584	344472845147879
344472722524379	344473015008780	344472993316421
344472866660421	344473148342549	344473138105671
344473012552962	344473331676081	344473309486379
344473157332171	344473498343306	344473487733379
344473329698837	344473698343688	344473678184129
344473507739963	344473881677446	344473869972713
344473698409963	344474098344406	344474073088463
344473892969254	344474298344847	344474274419505
344474093297880	344474498345426	344474474050630
344474293714880	344474681679201	344474664603296
344474500224255	344474865013069	344474852994755
344474684393463	344475048346466	344475024589005
344474875221422	344475181680226	344475169622130
344475044529463	344475331680396	344475317208630
344475188997922	344475465013985	344475453800797
344475343939630	344475598347962	344475577587464
344475497745547	344475715014953	344475701718547
344475596298214	344475848348155	344475832131047
344475720558047	344475998348631	344475980138547
344475853633630	344476148348968	344476126291755
344476000615880	344476298349084	344476279165797
344476145756130	344476465016464	344476451001714
344476297750464	344476648350030	344476636297964
344476469019214	344476848350920	344476825736631
344476654091589	344477031684218	344477020388798
344476844922131	344477231684610	344477221425006
344477040048214	344477448351766	344477423345423
344477240388798	344477631685833	344477614440340
344477444596256	344477815019038	344477804496506
344477634627215	344477998352776	344477982101798
344477823538798	344478165019835	344478144702298
344478001064465	344478315020803	344478291166923
344478164882840	344478448353872	344478437173548
344478312498507	344478581687534	344478561724298
344478458637840	344478698354751	344478685357882
344478582455465	344478831688110	344478808618673
344478703851923	344478965021679	344478946152798
344478828613632	344479115022148	344479093396799
344478964458798	344479265022340	344479239467299
344479111875715	344479415022680	344479404259590
344479257591507	344479598356215	344479578685507
344479424883257	344479781690099	344479768860216
344479599218965	344479981690618	344479959832716
344479790864216	344480181690933	344480161460632
344479982847007	344480381691712	344480363784757
344480180800257	344480581691649	344480566652549
344480386234216	344480781692241	344480758033174
344480586889716	344480965026056	344480947992674
344480778011508	344481131692903	344481119897175
344480966299758	344481281693330	344481265128591
344481140609633	344481431693455	344481412206258
344481286284300	9223372036854775807	344481547550216
344481440823300	9223372036854775807	9223372036854775807
