33333333
388643559390149	388643626440357	388643605703566
388643590438274	388643659776366	388643635498566
388643619939900	388643676440816	388643665311483
388643646487275	388643709773658	388643695580650
388643681563441	388643743107383	388643725607816
388643712687275	388643776440662	388643755495441
388643744974941	388643809774066	388643785194400
388643772278650	388643826440593	388643814532150
388643864356108	388643909774286	388643898876191
388643884237150	388643959774377	388643939056025
388643917557566	388643993107808	388643979288066
388643956220900	388644043107892	388644019464858
388643995836358	388644076441350	388644059622233
388644037264275	388644109774757	388644100054316
388644078793441	388644159774631	388644140228275
388644117710316	388644193108231	388644180441358
388644158148191	388644243108180	388644220622858
388644201571900	388644276441564	388644260908066
388644237735858	388644326441801	388644301161233
388644278015816	388644359775190	388644341463358
388644317742483	388644393108837	388644381716358
388644359630358	388644443108606	388644421973400
388644398742858	388644476442150	388644462191067
388644439309608	388644526442277	388644502352650
388644480978275	388644559775677	388644542591317
388644519865233	388644593109054	388644582782983
388644560665983	388644643109150	388644623005150
388644604241775	388644676442817	388644663164358
388644641533525	388644726442706	388644703312525
388644680435692	388644759776587	388644743515233
388644721352692	388644793109470	388644783755108
388644762719942	388644843109614	388644823897150
388644802256483	388644876442995	388644864109983
388644842405067	388644926443124	388644904325192
388644883074108	388644959776528	388644944495608
388644921810067	388645009776624	388644984653733
388644963461692	388645043110117	388645024813359
388645004658150	388645076443440	388645065056817
388645042832692	388645126443539	388645105294442
388645082999317	388645159776972	388645145395484
388645125985109	388645209777177	388645185532734
388645165749900	388645243110278	388645225715650
388645204091067	388645276443864	388645265844525
388645245552775	388645326443990	388645306072692
388645284742067	388645359777383	388645346250859
388645324650109	388645409777758	388645386411984
388645365356484	388645443111113	388645426832234
388645405911817	388645476444332	388645466754775
388645445816900	388645526444442	388645506900025
388645487058525	388645559777669	388645547131942
388645525214525	388645609777903	388645587273359
388645565417692	388645643111808	388645627424775
388645605693525	388645676444716	388645667576150
388645645705442	388645726444845	388645707748192
388645686413734	388645759778131	388645747939901
388645729690192	388645809778333	388645788145109
388645767042109	388645843111783	388645828356109
388645806579442	388645893111694	388645868596401
388645846751609	388645926445208	388645908714942
388645887240151	388645959778829	388645948905817
388645927027942	388646009778757	388645989080026
388645967114901	388646043112573	388646029291276
388646006944609	388646093112274	388646069481817
388646049151901	388646126445594	388646109607567
388646089288526	388646159779411	388646149803859
388646128737817	388646209779214	388646189958567
388646169146901	388646243112611	388646230202776
388646209453692	388646293112590	388646270402734
388646248523317	388646326446195	388646310549692
388646289863109	388646359779850	388646350702442
388646329291901	388646409779659	388646390872567
388646370509692	388646443112902	388646431034818
388646409295776	388646493113189	388646471234818
388646449373568	388646526446716	388646511464901
388646492457318	388646576446656	388646551680859
388646529346359	388646609780412	388646591870984
388646570160984	388646643113703	388646632077109
388646610162568	388646693113579	388646672313359
388646652362859	388646726447127	388646712572276
388646692116901	388646776447062	388646752803443
388646730519484	388646809780298	388646793001609
388646770711234	388646843113728	388646833432401
388646812405984	388646893113997	388646873559318
388646853632068	388646926447401	388646913781734
388646892176109	388646976447378	388646953983443
388646932596026	388647009780757	388646994265526
388646972051026	388647059781040	388647034453859
388647011003109	388647093114433	388647074652068
388647051231401	388647126447662	388647114894193
388647092481151	388647176447962	388647155125151
388647132754318	388647209781193	388647195317485
388647173243443	388647259781476	388647235546360
388647213371110	388647293114846	388647275755735
388647253865526	388647326448143	388647315989526
388647293279401	388647376448382	388647356224151
388647333805443	388647409781742	388647396411985
388647374468776	388647459782021	388647436659735
388647415348318	388647493115514	388647476799651
388647454838485	388647526448691	388647517036693
388647496560360	388647576448806	388647557226235
388647535692776	388647609782068	388647597402110
388647575785443	388647659782309	388647637693735
388647615605193	388647693115719	388647677888985
388647655824735	388647743115842	388647718091110
388647696294526	388647776449083	388647758332526
388647735358360	388647809782464	388647798602235
388647775842443	388647859782732	388647838737402
388647817032693	388647893116544	388647879013318
388647856402402	388647943116821	388647919249527
388647897408068	388647976449634	388647959500568
388647936991777	388648009783056	388647999690777
388647976712360	388648059782971	388648039850277
388648017932527	388648093116584	388648080131777
388648057574152	388648143116672	388648120388277
388648099873652	388648176450392	388648160597277
388648142824443	388648226450208	388648200833068
388648179842193	388648259788552	388648241105443
388648221621610	388648293117029	388648281336777
388648267270652	388648343117131	388648321566652
388648299134235	388648376450387	388648361843193
388648345240693	388648426451167	388648402387318
388648384362693	388648459784176	388648442569610
388648421454610	388648493117437	388648482845027
388648463545360	388648543117524	388648523070735
388648505940360	388648576450929	388648563434110
388648542526860	9223372036854775807	388648603954777
388648582795527	9223372036854775807	9223372036854775807
