33333333
388670955052663	388671026498945	388671016951704
388670995342496	388671076499232	388671057188996
388671036210246	388671109832656	388671097432454
388671076529413	388671159832737	388671137680371
388671115864288	388671193166380	388671177856704
388671156326913	388671243166100	388671217974329
388671196225454	388671276499479	388671258092496
388671239662746	388671309833034	388671298263663
388671276390913	388671359832989	388671338460663
388671317254829	388671393166424	388671378645704
388671356495038	388671443166543	388671418919954
388671398048663	388671476500077	388671459236121
388671439635413	388671509833336	388671499451204
388671476799579	388671559833408	388671539714913
388671517332204	388671593167013	388671579910205
388671557501204	388671643167095	388671620117996
388671597637705	388671676500524	388671660251621
388671640865246	388671709833751	388671700469788
388671677833705	388671759834288	388671740752538
388671717751996	388671793167415	388671780935121
388671758357080	388671843167569	388671821143496
388671798457830	388671876500935	388671861396830
388671838973455	388671926500892	388671901661205
388671878981163	388671959834301	388671941890996
388671918801413	388671993167861	388671982072246
388671960560663	388672043167788	388672022330538
388671999957205	388672076501336	388672062514746
388672042394621	388672126501453	388672102786913
388672080318746	388672159835106	388672143018330
388672121104288	388672193168152	388672183224580
388672161431830	388672243168410	388672223350455
388672201848205	388672276501810	388672263536163
388672241555413	388672326501914	388672303771163
388672282865080	388672359835151	388672343990955
388672321813080	388672393169288	388672384179997
388672362239413	388672443168656	388672424454663
388672401700497	388672476502371	388672464612038
388672442658997	388672526502326	388672504866538
388672483782330	388672559835958	388672545016997
388672522843455	388672609835798	388672585138788
388672565537747	388672643169237	388672625396580
388672604680538	388672676502649	388672665557872
388672643968247	388672726502579	388672705811330
388672683890163	388672759836141	388672745954872
388672723683122	388672809836266	388672786097872
388672765967872	388672843169709	388672826258872
388672803627705	388672876503090	388672866445413
388672845897997	388672926503166	388672906634622
388672884869413	388672959836745	388672946959122
388672924536038	388673009836708	388672987086372
388672965619705	388673043169960	388673027232247
388673004517080	388673076503505	388673067496039
388673047287872	388673126503598	388673107634289
388673085983497	388673159837341	388673147853164
388673125820705	388673209837127	388673188134247
388673165151122	388673243170522	388673228400664
388673205541997	388673293170649	388673268630955
388673249153955	388673326503859	388673308871289
388673285945914	388673359837341	388673349108914
388673326610622	388673409837578	388673389269705
388673366464789	388673443170835	388673429437997
388673406241039	388673493171093	388673469683955
388673450036039	388673526504372	388673510133872
388673489443747	388673559837727	388673550073580
388673530228205	388673609837994	388673590337997
388673568418205	388673643171430	388673630481955
388673609279289	388673693171497	388673670702372
388673648911955	388673726505089	388673710863956
388673689366997	388673776505031	388673750977206
388673731885914	388673809838365	388673791125039
388673767602956	388673843172159	388673831360997
388673810513831	388673893172153	388673871587247
388673850440706	388673926505358	388673911770331
388673890816539	388673976505426	388673952127539
388673930592581	388674009838904	388673992294122
388673969805039	388674043172076	388674032505372
388674010110789	388674093172365	388674072823706
388674050150372	388674126505834	388674113057039
388674090506622	388674176505880	388674153232372
388674131416206	388674209839274	388674193531247
388674170635581	388674243172640	388674233674706
388674213835622	388674293172797	388674273915164
388674251431997	388674326506179	388674314154372
388674292183872	388674376506475	388674354436164
388674331826539	388674409839508	388674394719581
388674372683331	388674459839670	388674435010831
388674412425748	388674493173058	388674475251748
388674453330873	388674526506643	388674515675706
388674494530331	388674576506746	388674555942664
388674533657664	388674609840712	388674596113998
388674573194998	388674659840063	388674636318831
388674616067623	388674693173671	388674676854706
388674654163664	388674726506917	388674716800456
388674694779664	388674776507164	388674757037831
388674734798998	388674809840613	388674797212498
388674776742289	388674859840658	388674837413914
388674816306831	388674893173924	388674877623873
388674855127039	388674943174029	388674917902456
388674895845373	388674976507749	388674958077581
388674936390914	388675009840972	388674998267581
388674975885914	388675059841131	388675038519956
388675015768414	388675093174327	388675078724456
388675056470915	388675143174609	388675118885540
388675099258831	388675176507981	388675159123540
388675137539165	388675209841392	388675199331665
388675176854748	388675259841365	388675239531873
388675217116706	388675293174949	388675279757456
388675256702081	388675343174907	388675319942498
388675297560665	388675376508398	388675360258706
388675337648331	388675409841853	388675400274540
388675378649790	388675459841967	388675440562498
388675418252165	388675493175340	388675480664665
388675462423456	388675543175476	388675520925748
388675499569581	388675576509342	388675561213373
388675538951831	388675626508952	388675601494998
388675579175165	388675659842416	388675641672290
388675618271581	388675693175803	388675681913248
388675659778540	388675743175766	388675722097456
388675699547248	388675776509149	388675762316998
388675739612373	388675826509421	388675802495415
388675780462415	388675859842684	388675842760248
388675820792498	388675893176044	388675883014873
388675861483623	388675943176326	388675923253665
388675900725540	388675976509752	388675963438415
388675942074165	388676026510226	388676003662248
388675982223373	388676059843270	388676043847457
388676028793582	9223372036854775807	9223372036854775807
