33333333
344172121462611	344172164363293	344172151067152
344172147195944	344172197696869	344172178359027
344172177156902	344172231030552	344172205712944
344172201909652	344172247696819	344172233044027
344172229369819	344172281030533	344172260304694
344172256632736	344172297697074	344172287611444
344172283934152	344172331030506	344172314944986
344172311502069	344172364363869	344172342455277
344172339462486	344172381030570	344172369814486
344172368247777	344172414363974	344172397072319
344172396423152	344172447697507	344172424350694
344172420647569	344172464364115	344172451661694
344172447998319	344172497697483	344172480361736
344172474654236	344172531030912	344172506360777
344172505439611	344172547697590	344172533680736
344172532749569	344172581030826	344172560994027
344172557628319	344172597697568	344172588355152
344172583880361	344172631030938	344172615724527
344172611615902	344172664364476	344172642995694
344172638589944	344172681031054	344172670296902
344172665819236	344172714364639	344172697572152
344172693486152	344172747697849	344172727018027
344172720581569	344172764364564	344172754234111
344172756768652	344172797698168	344172786281652
344172784468694	344172831031579	344172817916403
344172809983153	344172864364961	344172849537611
344172840624903	344172897698421	344172881384319
344172873676611	344172931031759	344172913030861
344172904705986	344172964365183	344172944661403
344172937039444	344172997698593	344172976151403
344172981535903	344173031031993	344173008039278
344173004647569	344173064365540	344173039627028
344173031612944	344173081032097	344173071213028
344173065936611	344173114365781	344173102838653
344173097582361	344173147698842	344173134443278
344173130796361	344173181032294	344173166108944
344173161207986	344173214365720	344173197775319
344173190305819	344173247699133	344173229515361
344173222533069	344173281032482	344173261252986
344173252881986	344173314365910	344173292792278
344173284465444	344173347699324	344173324383611
344173316455819	344173381032593	344173356053611
344173349500861	344173397699433	344173387643653
344173382897028	344173431032846	344173419342653
344173418782944	344173464366399	344173450873486
344173445385236	344173497699625	344173482409111
344173476454153	344173531033051	344173514111570
344173506347945	344173564366301	344173545807278
344173538330778	344173597699868	344173577375320
344173569566945	344173631033288	344173608995695
344173602345653	344173664367094	344173640650486
344173634435570	344173697700070	344173672264236
344173665247945	344173714366628	344173703859236
344173696653653	344173747700093	344173735537570
344173727662028	344173781033589	344173767176320
344173758296820	344173814366846	344173798722695
344173790562528	344173847700425	344173830396486
344173822662820	344173881033809	344173863689570
344173854221528	344173914367243	344173897362778
344173888753528	344173947700612	344173929038486
344173920664653	344173981034527	344173960686111
344173954094986	344174014367407	344173992368028
344173985686986	344174047700845	344174023981736
344174017867153	344174081034232	344174055612070
344174048470570	344174097700759	344174087263070
344174082004445	344174131034581	344174118873528
344174110821445	344174164367773	344174150487778
344174142093945	344174197701313	344174182115653
344174175203986	344174231034382	344174213724695
344174206501195	344174264367951	344174246562903
344174237780320	344174297701343	344174278188362
344174269528862	344174331034787	344174309772987
344174301114903	344174364368154	344174341401695
344174333203903	344174397702168	344174373050362
344174365267653	344174414368120	344174404631903
344174396973278	344174447701612	344174436257528
344174432358695	344174481035377	344174468133237
344174461839028	344174514368506	344174499711278
344174492484278	344174547701921	344174531392945
344174522421487	344174581035148	344174562945320
344174554173487	344174614369214	344174594567570
344174589021028	344174647702041	344174626255320
344174619722945	344174681035547	344174657925112
344174652855320	344174714368769	344174689529945
344174681060653	344174731035639	344174721203195
344174712816945	344174764368857	344174752857445
344174744738695	344174797702693	344174784510737
344174775177487	344174831035858	344174816141028
344174806810153	344174864369096	344174847787153
344174841715612	344174897702615	344174879509862
344174873755570	344174931036059	344174911154029
344174905159029	344174964369464	344174942855029
344174936538154	344174997702929	344174974484779
344174968150987	344175031036440	344175006123820
344175001486862	344175047702988	344175037797654
344175032633862	344175081036389	344175069377779
344175063723654	344175114369772	344175101116737
344175095066070	344175147703207	344175132759987
344175123452654	344175181036455	344175164459487
344175155926904	344175214369840	344175196141987
344175187315612	344175247703252	344175227795529
344175221103320	344175281036658	344175259408737
344175250897695	344175314370305	344175291031404
344175283892737	344175347703446	344175322653279
344175316386487	344175364362944	344175354278737
344175348850112	344175397703733	344175385963904
344175381219445	344175431037127	344175417674195
344175411874529	344175464370802	344175449279779
344175441673945	344175497703802	344175480963404
344175473025070	344175531037490	344175512611029
344175505945487	344175564370805	344175544330320
344175536797904	344175597704140	344175575983279
344175568670737	344175631037534	344175607610112
344175599995446	344175664370926	344175639286362
344175630999321	344175681037532	344175670916862
344175663215737	344175714371026	344175702573112
344175694695571	344175747704457	344175734181071
344175725618904	344175781038041	344175765763696
344175757201987	344175814371282	344175797484696
344175791291862	344175847704754	344175829158904
344175822801071	344175881038090	344175860774529
344175852946612	344175914372025	344175892437112
344175886623112	344175947705292	344175924119904
344175915663987	344175981038492	344175955773779
344175948448779	344175997705130	344175987409862
344175983209279	344176031038263	344176019084987
344176013006487	9223372036854775807	9223372036854775807
