33333333
344149402873975	344149447647885	344149422683183
344149426608850	344149464314593	344149443418600
344149451784141	344149497648154	344149469033475
344149475929475	344149514314716	344149489955350
344149499591183	344149547648305	344149519014141
344149527393308	344149564314963	344149541861850
344149551237391	344149597648378	344149569661766
344149576954308	344149614315075	344149591429266
344149601235141	344149647648319	344149619670475
344149633533100	344149680981965	344149649340975
344149657555475	344149697648437	344149673126266
344149680930558	344149730981992	344149702679975
344149704966433	344149747648714	344149723799183
344149731760683	344149780982305	344149752744808
344149755820642	344149797648841	344149774273975
344149779816350	344149830982196	344149802573225
344149803344142	344149847648743	344149823658975
344149830476100	344149880982143	344149852305725
344149853685725	344149897649055	344149873343267
344149878848142	344149914315705	344149904215475
344149910713975	344149947649129	344149925040475
344149942066017	344149980982537	344149956131517
344149968630308	344150014315911	344149983490767
344149994752475	344150030982646	344150009130392
344150020584183	344150064316031	344150035770058
344150048213517	344150097649271	344150062770225
344150072115725	344150114315987	344150088536892
344150097110058	344150147649408	344150118869975
344150120940392	344150164316073	344150139940725
344150146131350	344150197650178	344150169062142
344150169194517	344150214316376	344150189884433
344150201521642	344150247649769	344150219735100
344150224215142	344150264316434	344150240805308
344150247401975	344150297649850	344150269078600
344150269935475	344150314316551	344150289945142
344150295847017	344150347650016	344150322673975
344150318891433	344150364316667	344150343213100
344150345160392	344150380983558	344150369307933
344150368703142	344150414316788	344150389866225
344150394722350	344150430983838	344150411018183
344150419286100	344150464316897	344150435908017
344150444988392	344150480983581	344150459295767
344150474353267	344150514317009	344150492801142
344150499019184	344150547651325	344150517705809
344150521204892	344150564316972	344150543848142
344150556377767	344150597650501	344150574543225
344150582925434	344150630983763	344150601147059
344150607630975	344150647650642	344150627225475
344150630830184	344150680984008	344150656227934
344150665174934	344150714317441	344150683406517
344150716640142	344150764317542	344150735441767
344150754579350	344150797650795	344150773834100
344150777890600	344150814317494	344150799938267
344150801455934	344150847651031	344150826317767
344150824978142	344150864317728	344150852546350
344150849680475	344150897651171	344150882929434
344150875727434	344150930984544	344150905595600
344150907520975	344150947651293	344150932396642
344150932942559	344150980984484	344150959328892
344150973901975	344151014317931	344150994297434
344150998747434	344151047651320	344151021400100
344151024754100	344151064318480	344151048751809
344151048743142	344151097651591	344151075679392
344151076488767	344151114318311	344151103073475
344151101539309	344151147651836	344151130199142
344151132696017	344151180985089	344151157378267
344151159653351	344151197651663	344151185014726
344151188591142	344151230985211	344151214310726
344151213739934	344151264318616	344151240474351
344151235429642	344151280985137	344151267468642
344151267227184	344151314318552	344151294565934
344151299158976	344151347652149	344151321936976
344151324187267	344151364318817	344151349454726
344151348441684	344151397652223	344151376409726
344151376787892	344151414318782	344151403719684
344151400118059	344151447652744	344151430862892
344151428159434	344151480985549	344151458417559
344151456815434	344151497652451	344151485552059
344151481880184	344151530986013	344151512472226
344151514913851	344151564319273	344151539976309
344151541073476	344151580986182	344151567398309
344151566527351	344151614319367	344151594418351
344151592899976	344151630985862	344151621512517
344151619992767	344151664319332	344151648489684
344151650081392	344151697652876	344151675738142
344151676999476	344151714319423	344151703695434
344151710890142	344151747652846	344151731501226
344151740410809	344151780986189	344151760873142
344151769572059	344151814319998	344151790526059
344151791400142	344151830986507	344151817899976
344151815544976	344151864319768	344151844943809
344151844366684	344151897653289	344151872077518
344151870329226	344151914320034	344151899263268
344151895773184	344151947653222	344151926325851
344151923496476	344151964320127	344151953446268
344151950662559	344151997653723	344151981313726
344151981825101	344152030986989	344152007885393
344152018892518	344152064320332	344152039684226
344152046687018	344152097653719	344152066912684
344152071408601	344152114320421	344152094496059
344152095818018	344152147653967	344152126313059
344152118724143	344152164320386	344152153196893
344152156784018	344152197653786	344152180734809
344152183566143	344152230987332	344152207823434
344152208934101	344152247654096	344152235243476
344152234547518	344152280987317	344152262153518
344152264860643	344152314321037	344152289426268
344152290677726	344152330987575	344152316726268
344152316577893	344152364320991	344152344498643
344152343542101	344152380987535	344152371557184
344152368901768	344152414320903	344152398512809
344152402926268	344152447654468	344152425803059
344152431843934	344152480987893	344152452805809
344152460182559	344152497654403	344152480814643
344152488739268	344152530988007	344152509375351
344152514891893	344152564321254	344152536686476
344152547342601	344152597654812	344152568688976
344152575586226	344152614321825	344152596265351
344152606112768	344152647654919	344152626708643
344152633833518	344152680988300	344152653840518
344152661145768	344152697654992	344152681745768
344152690304643	344152730988276	344152711733060
344152724485310	344152764321631	344152745457560
344152757506851	344152797655638	344152778317185
344152782340851	344152830988791	344152805686851
344152811205018	344152847655197	344152832957643
344152838405935	9223372036854775807	344152860290393
