33333333
0	0	0
0	0	0
0	0	0
0	0	0
0	0	0
0	0	0
0	0	0
0	0	0
0	0	0
0	0	0
0	0	0
0	0	0
0	0	0
0	0	0
0	0	0
0	0	0
0	0	0
0	0	0
0	0	0
0	0	0
0	0	0
0	0	0
0	0	0
0	0	0
0	0	0
0	0	0
0	0	0
0	0	0
0	0	0
0	0	0
0	0	0
0	0	0
0	0	0
0	0	0
0	0	0
0	0	0
0	0	0
0	0	0
0	0	0
0	0	0
0	0	0
0	0	0
0	0	0
0	0	0
0	0	0
0	0	0
0	0	0
0	0	0
0	0	0
0	0	0
0	0	0
0	0	0
0	0	0
0	0	0
0	0	0
0	0	0
0	0	0
0	0	0
0	0	0
0	0	0
0	0	0
0	0	0
0	0	0
0	0	0
0	0	0
0	0	0
0	0	0
0	0	0
0	0	0
0	0	0
0	0	0
0	0	0
404882313669725	404882411279431	404882385605683
404882370633600	404882477946055	404882454127142
404893432278605	404893477969834	404893448684772
404893451878647	404893511303233	404893486756022
404893471056647	404893544636637	404893519529314
404893491066689	404893561303357	404893535974272
404893523430105	404893577970079	404893555778730
404893558200730	404893594636727	404893573917647
404893562725105	404893611303473	404893589200605
404893577906939	404893627970336	404893607103855
404893592711064	404893644636799	404893622862439
404893612092730	404893661303716	404893640438439
404893626962605	404893677970318	404893656167022
404893643916105	404893694637124	404893674590564
404893660517064	404893711304030	404893689411855
404893679332939	404893727970398	404893706980439
404893692969355	404893744636939	404893722522897
404893710540189	404893761304351	404893740298772
404893726747064	404893777970492	404893755890772
404893743912106	404893794637039	404893773723272
404893759719356	404893811303869	404893788927189
404893778819106	404893827970596	404893807061314
404893792371356	404893844637634	404893822406397
404893811938022	404893861303817	404893840307939
404893965183481	404894011304236	404893970237981
404893981970814	404894027970904	404893993106522
404894001647397	404894044637692	404894024071647
404894018023606	404894061304421	404894041143022
404894035755272	404894077971135	404894058866439
404894054023272	404894094637843	404894074372897
404894081847314	404894127971254	404894089148606
404894101439606	404894144637791	404894111228189
404894119185772	404894161304643	404894140415856
404894135401106	404894177971169	404894155869606
404894151523106	404894194637858	404894174670314
404894167625356	404894211304588	404894189236856
404894185104564	404894227971464	404894207098189
404894198570772	404894244638184	404894222555939
404894215381064	404894261304851	404894240439231
404894232403439	404894277971540	404894255889856
404894249261522	404894294638111	404894274319439
404894265704939	404894311304948	404894289655314
404894282398689	404894327971797	404894307192439
404894298871356	404894344638436	404894322627439
404894315614022	404894361305285	404894340436397
404894332242897	404894377971591	404894355859856
404894349891356	404894394638700	404894373783481
404894365089814	404894411305187	404894389124856
404894381760314	404894427971885	404894407090356
404894398343189	404894444638632	404894422479398
404894415157439	404894461305448	404894440385231
404894431548564	404894477972016	404894455821731
404894448310648	404894494638694	404894473686856
404894465058356	404894511305239	404894489149273
404894481771023	404894527972115	404894507025898
