33333333
404919548605493	404919594692539	404919572692785
404919565565534	404919611359552	404919590486243
404919582251785	404919628026106	404919606053326
404919599128410	404919644692662	404919625987285
404919617367451	404919661359205	404919639382410
404919632205410	404919678025886	404919657157535
404919648807076	404919694692770	404919674110868
404919665604743	404919711359473	404919690486660
404919683472910	404919728025934	404919705950826
404919698479951	404919744693167	404919723882368
404919715294160	404919761359539	404919739280076
404919731843410	404919778026092	404919757149243
404919748715326	404919794692987	404919772574118
404919765343451	404919811359501	404919790495201
404919781846701	404919828026352	404919805922493
404919798619701	404919844692903	404919823926243
404919815693535	404919861359565	404919839399243
404919831797743	404919878026299	404919857150076
404919848416243	404919894693190	404919872617868
404919865151743	404919911359717	404919890453618
404919881796785	404919928026420	404919905971201
404919898552035	404919944693270	404919923839243
404919915106785	404919961359973	404919939382826
404919932068785	404919978026705	404919957224201
404919948413868	404919994693195	404919973050576
404919966512993	404920011360083	404919990522451
404919981978076	404920028027193	404920005948368
404919998818951	404920044693266	404920023791243
404920015533368	404920061360193	404920039287701
404920032268701	404920078026874	404920057160368
404920050357201	404920094693585	404920072603910
404920066347160	404920111360299	404920090557410
404920082252660	404920128027019	404920105938451
404920098908243	404920144693745	404920123846868
404920115531535	404920161360262	404920139348993
404920132243785	404920178027274	404920157161660
404920148817743	404920194694044	404920172625826
404920165167701	404920211360743	404920190447826
404920181837951	404920228027195	404920207619660
404920199100493	404920244693920	404920223869160
404920215116035	404920261360639	404920239405451
404920231854618	404920278027165	404920257434701
404920248695285	404920294694262	404920272750702
404920398141660	404920444694537	404920403217785
404920418390118	404920461361066	404920428367077
404920434164410	404920478027774	404920457153660
404920449574327	404920494694668	404920472602618
404920466512660	404920511361520	404920490486327
404920482226910	404920528027779	404920505936368
404920499176285	404920544694433	404920523829160
404920515546285	404920561361796	404920539294993
404920532884327	404920578028025	404920557212577
404920549090493	404920594694689	404920572740452
404920569704577	404920611361206	404920590614535
404920585770660	404920628027958	404920606058285
404920602455452	404920644694637	404920623937910
404920620276327	404920661361338	404920639280327
404920635834952	404920678028201	404920657184160
404920651517243	404920694694698	404920672655368
404920670088827	404920711361617	404920690505743
404920685918785	404920728028301	404920705915202
404920703375035	404920744694989	404920723879077
404920720125077	404920761361744	404920739292077
404920735984743	404920778028379	404920757149160
404920753272327	404920794695084	404920772601077
404920770006493	404920811361807	404920790506243
404920786481493	404920828028519	404920805948785
404920802579327	404920844695206	404920823932368
404920820399743	404920861361921	404920839456452
404920835283285	404920878028448	404920857228035
404920851707035	404920894695584	404920872620368
404920869227118	404920911361840	404920890482368
404920885990452	404920928028744	404920905930452
404920903104368	404920944695637	404920923940952
404920919979452	404920961362131	404920939291660
404920932361243	404920978028670	404920957343368
404920952166285	404920994695559	404920972648119
404920965994452	404921011362202	404920990494910
404920981965660	404921028028757	404921005928327
404920998704744	404921044695792	404921023990577
404921015462327	404921061362173	404921039372577
404921036083702	404921078029356	404921057286910
404921052388785	404921094695741	404921072689077
404921069139994	404921111362484	404921090697619
404921086426660	404921128029143	404921107469410
404921102238994	404921144695673	404921123990702
404921119172744	404921161362588	404921139415202
404921135855202	404921178029659	404921157310785
404921151146160	404921194695992	404921172780910
404921169097452	404921211362807	404921190674244
404921187023327	404921228029540	404921206040785
404921203455952	404921244696110	404921223962244
404921219214952	404921261362827	404921239380952
404921236766244	404921278029509	404921257193452
404921252420702	404921294696166	404921272686410
404921266440535	404921311362715	404921290522119
404921286156577	404921328029375	404921305933869
404921302521035	404921344696109	404921323864619
404921319039577	404921361362789	404921339355744
404921334962244	404921378029973	404921357157452
404921352414327	404921394696183	404921372615744
404921369905160	404921411363054	404921390556327
404921386155494	404921428029900	404921406037952
404921403391785	404921444696502	404921423853494
404921420254035	404921461363038	404921439319369
404921435720369	404921478030046	404921457163785
404921452424660	404921494696753	404921472688869
404921469419535	404921511363109	404921490526494
404921486768202	404921528030074	404921505939577
404921503361619	404921544696704	404921523914202
404921519089535	404921561363441	404921539286869
404921536771077	404921578029954	404921557131994
404921552406077	404921594696775	404921572619827
404921569345952	404921611363505	404921590530452
404921586868827	404921628030088	404921606123785
404921603491285	404921644696769	404921623840577
404921620247327	404921661363775	404921639319785
404921635787494	404921678030606	404921657093577
404921652346119	404921694696866	404921672631827
404921666966869	404921711363830	404921690481452
404921686480161	404921728030273	404921705935452
404921698943952	404921744697154	404921723877077
404921719280952	404921761363832	404921739433952
404921735152161	404921778030390	404921757136952
404921753304994	404921794697250	404921772637411
404921771563411	404921811363798	404921790435452
404921781986577	404921828031231	404921805901952
