33333333
377179158606099	377179251844784	377179235091183
377179203407766	377179301844303	377179282358641
377179247202183	377179351844450	377179329325933
377179294012725	377179401844486	377179377019850
377179345058016	377179435178090	377179423457725
377179391697891	377179485178030	377179470248766
377179437795475	377179535178326	377179516403308
377179486798308	377179585178444	377179563167891
377179529979808	377179635178534	377179609767600
377179577098391	377179668511925	377179656927016
377179623690225	377179718511970	377179703146016
377179774779225	377179835178946	377179815453808
377179794419350	377179885179077	377179862855266
377179829370475	377179918512431	377179909403600
377179876945100	377179968512581	377179955834892
377179923798767	377180018512713	377180002194392
377179969732850	377180068512789	377180048848433
377180013899517	377180118512892	377180095465183
377180062110308	377180168512970	377180143181850
377180110421392	377180201846245	377180190122558
377180157493975	377180251846554	377180237570392
377180202770100	377180301846619	377180282725517
377180250937933	377180351846724	377180327935725
377180295130225	377180385179971	377180372564183
377180341503850	377180435180105	377180417830308
377180385203808	377180485180340	377180461880017
377180432352183	377180518513867	377180503171850
377180477450267	377180568513857	377180543159058
377180516380808	377180601847247	377180580751142
377180556997683	377180635180686	377180617183434
377180592149434	377180668514120	377180653503975
377180630190475	377180701847404	377180689913350
377180666952392	377180735180845	377180726067059
377180703092809	377180785180822	377180762241017
377180741432475	377180818514393	377180798246684
377180775232975	377180851847684	377180833160392
377180811226225	377180885181175	377180866945475
377180846319767	377180918514622	377180899473392
377180880269600	377180951848470	377180932195559
377180914854559	377180985181434	377180961426392
377180946142559	377181001848122	377180992056809
377180979641475	377181035181554	377181022456600
377181007169850	377181068514923	377181053322059
377181035991684	377181101848304	377181083698059
377181066629059	377181135181735	377181114131184
377181098344684	377181168515160	377181144283392
377181129704225	377181185182474	377181173863517
377181162340392	377181218515411	377181203206017
377181191658142	377181251848645	377181232482184
377181216103017	377181285182066	377181261853559
377181248150392	377181318515484	377181294301309
377181280475642	377181335182151	377181323656684
377181323126851	377181368516022	377181353693934
377181342960601	377181401849555	377181383707684
377181367213392	377181435182372	377181413956809
377181397180309	377181468515770	377181444367267
377181430447017	377181485182403	377181475040184
377181459988309	377181518515913	377181505322184
377181490703767	377181551849317	377181535966892
377181518019517	377181585182715	377181567194059
377181548954767	377181618516112	377181598028642
377181580817559	377181651849374	377181630689059
377181611665267	377181685182931	377181664898934
377181646010851	377181718516347	377181698920809
377181679155559	377181751849736	377181734115934
377181712785934	377181785182956	377181770362059
377181748444017	377181818516555	377181806414851
377181783265851	377181851849752	377181842753309
377181819928726	377181901849896	377181879190059
377181857197976	377181935183475	377181915828767
377181892983517	377181968516884	377181952421559
377181929561226	377182001850271	377181990065268
377181965336893	377182051850373	377182030443309
377182002196934	377182085183627	377182071935851
377182043767809	377182135183912	377182115836268
377182086209934	377182185183981	377182160852851
377182129294893	377182218517239	377182205440143
377182175475393	377182268517456	377182250180351
377182221978434	377182318517613	377182295210518
377182261405101	377182351851035	377182342181476
377182308323018	377182401850961	377182389615559
377182355088393	377182451851775	377182436759059
377182402058434	377182501851740	377182483231018
377182450468518	377182551851302	377182529787226
377182497277059	377182585184848	377182575917018
377182542172143	377182635184980	377182622503559
377182589806518	377182685185431	377182668652310
377182635560184	377182735185154	377182715790393
377182683177393	377182785185288	377182762012393
377182840524893	377182901852366	377182882039018
377182857437476	377182951852568	377182929751476
377182894752851	377183001852273	377182976261018
377182942690268	377183035185686	377183022545851
377182990122435	377183085185753	377183068566476
377183034843810	377183135186030	377183115587268
377183080928393	377183185186152	377183162161393
377183128615976	377183235186226	377183209930018
377183175751560	377183268519655	377183256830893
377183222802226	377183318519772	377183304186393
377183269949601	377183368519860	377183349602935
377183316434518	377183418519964	377183394690768
377183361884143	377183451853373	377183439190768
377183407606602	377183501853631	377183484562727
377183451892518	377183551853471	377183528116352
377183497535893	377183585187001	377183569486560
377183541209143	377183618520223	377183608916227
377183581192227	377183668520518	377183646481768
377183622250685	377183701853921	377183683276560
377183658678477	377183735187832	377183719422643
377183694694227	377183768520561	377183755945268
377183731359018	377183801854277	377183792189685
377183769868977	377183851854259	377183828533185
377183805755227	377183885187644	377183864270518
377183841591727	377183918521043	377183899164393
377183875670060	377183951854447	377183932902018
377183911993852	377183985187866	377183965240477
377183944750935	377184018521117	377183996526143
377183977357060	377184051854669	377184027418852
377184008987185	377184068521397	377184057935518
377184039883852	377184101854787	377184088231102
377184071072560	377184135188184	377184118880602
377184101833435	377184168521567	377184149358394
377184131364352	377184201854913	377184179486644
377184161989144	377184235188385	377184210481477
377184193396019	377184251855082	377184240327435
377184224181102	377184285188335	377184269726394
377184255970019	9223372036854775807	9223372036854775807
