33333333
0	0	0
0	0	0
0	0	0
0	0	0
0	0	0
0	0	0
0	0	0
0	0	0
0	0	0
0	0	0
0	0	0
0	0	0
0	0	0
0	0	0
0	0	0
0	0	0
0	0	0
0	0	0
0	0	0
0	0	0
0	0	0
0	0	0
0	0	0
0	0	0
0	0	0
0	0	0
0	0	0
0	0	0
0	0	0
0	0	0
0	0	0
0	0	0
0	0	0
0	0	0
0	0	0
0	0	0
0	0	0
0	0	0
0	0	0
0	0	0
0	0	0
0	0	0
0	0	0
0	0	0
0	0	0
0	0	0
0	0	0
0	0	0
0	0	0
0	0	0
0	0	0
0	0	0
0	0	0
0	0	0
0	0	0
0	0	0
0	0	0
0	0	0
0	0	0
0	0	0
0	0	0
0	0	0
0	0	0
0	0	0
0	0	0
0	0	0
0	0	0
0	0	0
0	0	0
0	0	0
0	0	0
0	0	0
0	0	0
0	0	0
0	0	0
0	0	0
0	0	0
0	0	0
0	0	0
0	0	0
0	0	0
0	0	0
0	0	0
0	0	0
0	0	0
0	0	0
0	0	0
0	0	0
0	0	0
0	0	0
0	0	0
0	0	0
377154109912796	377154168457232	377154146666588
377154176939588	377154235124000	377154214401879
377155924738255	377156001794331	377155973040963
377155949073380	377156051794604	377156029378547
377155984505880	377156068461120	377156058330297
377156043783797	377156101794527	377156088829297
377156073389213	377156135128088	377156119342339
377156104212672	377156168461487	377156149574672
377156151991547	377156201794931	377156180783922
377156166237380	377156235128342	377156211061797
377156195269755	377156251795021	377156241794547
377156228529714	377156285128499	377156272540005
377156257119214	377156318461856	377156303493672
377156287812630	377156351795205	377156334598297
377156316495130	377156385128485	377156365673130
377156441529922	377156485128973	377156467275547
377156458077339	377156518462268	377156498189047
377156482154589	377156551795775	377156529104880
377156512492672	377156585128927	377156559914630
377156544060130	377156601795785	377156590386630
377156573869380	377156635129032	377156620713422
377156604706255	377156668462572	377156651024130
377156634773714	377156701796229	377156681826214
377156663278755	377156735129361	377156712416922
377156694314505	377156751795925	377156742658297
377156725569172	377156785129359	377156772963589
377156755066714	377156818463129	377156803222797
377156786520547	377156851796813	377156833515172
377156817883714	377156885129756	377156863411464
377156845498381	377156918463112	377156893104839
377156875072714	377156935129653	377156922714464
377156908471464	377156968463253	377156952322131
377156936211714	377157001796457	377156981962506
377156964197339	377157035130048	377157011719006
377156994090922	377157051796569	377157041072672
