33333333
388604716093214	388604826357116	388604810008589
388604772715756	388604876357187	388604863348173
388604828856673	388604926357289	388604917195798
388604883140964	388604993024123	388604968966298
388604936236589	388605043024244	388605019098089
388604988705923	388605076357471	388605066410298
388605039694131	388605126357756	388605113584714
388605085097714	388605176357823	388605160303715
388605133062089	388605226357772	388605207784173
388605180268881	388605276358407	388605254236798
388605227934548	388605326358139	388605301581131
388605273541798	388605359691455	388605346921131
388605321622298	388605409691717	388605391151215
388605368398090	388605443025268	388605433873131
388605411614173	388605493025020	388605474584048
388605456838673	388605526358598	388605514879298
388605595305173	388605643025344	388605630330006
388605612799673	388605693025607	388605671940131
388605651977840	388605726359135	388605713457298
388605691191173	388605776359091	388605756659840
388605732647756	388605826359083	388605800807840
388605778357756	388605859692653	388605846662340
388605819504048	388605909692900	388605893381465
388605867702965	388605959692859	388605939899590
388605912769340	388606009692955	388605986647382
388605959375673	388606043026198	388606033716965
388606006324590	388606093026656	388606081474715
388606054314090	388606143026550	388606128442965
388606104211507	388606193026514	388606178503132
388606148344048	388606243026648	388606230132382
388606199526173	388606309693626	388606284658548
388606248647715	388606359693556	388606338161132
388606303207882	388606409693757	388606394004757
388606357384423	388606476360600	388606452235048
388606415656590	388606526360873	388606511587507
388606473254132	388606593027539	388606572148715
388606530795923	388606643027652	388606630990632
388606592191507	388606709694609	388606690862132
388606650313174	388606776361294	388606750946840
388606710512507	388606826361192	388606811535090
388606771301549	388606893028175	388606874113924
388606830943757	388606959695027	388606937809340
388606893553340	388607026361794	388607001104465
388606957651049	388607076361715	388607063703215
388607024995174	388607143028926	388607125632882
388607129829965	388607209695367	388607187599049
388607154269382	388607276362345	388607251049174
388607206875965	388607326362460	388607313830966
388607270777674	388607393029099	388607377382466
388607332346216	388607459696054	388607440805174
388607397551007	388607526362833	388607501443757
388607460390007	388607576362964	388607562268966
388607520679091	388607643029812	388607621614466
388607582898466	388607693030114	388607681628257
388607641065091	388607759696669	388607741879382
388607700701174	388607826363544	388607801463049
388607761889299	388607876363762	388607858349841
388607821039132	388607926363590	388607913059757
388607877567882	388607976363863	388607966225591
388607932402299	388608043030672	388608019181383
388607985716258	388608093030771	388608069422966
388608039577508	388608143030895	388608117667049
388608089470133	388608176364267	388608165609049
388608137356716	388608226364438	388608211983091
388608185808424	388608276364517	388608258964924
388608231222174	388608326364804	388608305308549
388608278119383	388608376364709	388608352949133
388608323994799	388608409698126	388608398910383
388608373201216	388608459698225	388608442824633
388608418017799	388608509698286	388608485824716
388608463932716	388608543031759	388608526052216
388608512194633	388608576365123	388608566762841
388608661970008	388608709698745	388608696767508
388608685767800	388608759698878	388608738508550
388608717262008	388608793032261	388608780997008
388608757480675	388608843032161	388608825174966
388608801033550	388608893032473	388608870240800
388608847474508	388608926365839	388608916315633
388608889063466	388608976365809	388608962847300
388608934678966	388609026365955	388609010324966
388608981399050	388609076366363	388609057004508
388609030138091	388609126366283	388609104948091
388609076143300	388609176366286	388609151358675
388609123652758	388609209699832	388609200350050
388609170171175	388609276366466	388609251962550
388609219519841	388609326366727	388609306228591
388609270798675	388609376366837	388609359445258
388609324859050	388609426367120	388609414282175
388609379821342	388609493033779	388609471016550
388609434915133	388609543033881	388609530708300
388609491213508	388609609700683	388609591348717
388609548569758	388609676367503	388609651004133
388609610925133	388609726367697	388609711397217
388609671022425	388609793034392	388609771311008
388609730776425	388609843034529	388609831966092
388609790268008	388609909701327	388609893889800
388609850932675	388609976368139	388609956607883
388609912643592	388610043034790	388610020413550
388609975321592	388610093035052	388610083486592
388610039514258	388610159701692	388610145828009
388610196721092	388610276368790	388610253459550
388610213841550	388610326368867	388610316429342
388610272205842	388610393035514	388610379359759
388610335360759	388610459702641	388610442498217
388610397921884	388610526369322	388610505378884
388610461645092	388610576369445	388610565539467
388610524063175	388610643036093	388610625909884
388610586159009	388610709702877	388610686745175
388610647880634	388610759702990	388610746366342
388610705903759	388610826369986	388610807795759
388610768700342	388610876370252	388610867016842
388610828144842	388610943036721	388610924343717
388610886115842	388610993037076	388610978669342
388610943573051	388611043037116	388611032724134
388610997977384	388611109703727	388611086607426
388611052446592	388611159704006	388611137328467
388611105982551	388611209704139	388611184913676
388611156848884	388611243037353	388611232573634
388611203978217	388611293037903	388611279033634
388611251295676	388611343037738	388611326245384
388611297805551	388611393037863	388611373476592
388611345882342	388611443037926	388611421070509
388611393404592	388611476371878	388611466586301
388611440685092	388611526371298	388611510559676
388611487376968	388611576371543	388611553444759
388611529086218	388611609704815	388611594906759
388611575824009	388611659705111	388611635438634
