33333333
0	0	0
0	0	0
0	0	0
0	0	0
0	0	0
0	0	0
0	0	0
0	0	0
0	0	0
0	0	0
0	0	0
0	0	0
0	0	0
0	0	0
0	0	0
0	0	0
0	0	0
0	0	0
0	0	0
0	0	0
0	0	0
0	0	0
0	0	0
0	0	0
0	0	0
0	0	0
0	0	0
0	0	0
0	0	0
0	0	0
0	0	0
0	0	0
0	0	0
0	0	0
0	0	0
0	0	0
0	0	0
0	0	0
0	0	0
0	0	0
0	0	0
0	0	0
0	0	0
0	0	0
0	0	0
0	0	0
0	0	0
0	0	0
0	0	0
0	0	0
0	0	0
0	0	0
0	0	0
0	0	0
0	0	0
0	0	0
0	0	0
0	0	0
0	0	0
0	0	0
0	0	0
0	0	0
0	0	0
0	0	0
0	0	0
0	0	0
0	0	0
0	0	0
0	0	0
0	0	0
0	0	0
0	0	0
0	0	0
0	0	0
0	0	0
0	0	0
0	0	0
0	0	0
0	0	0
0	0	0
0	0	0
0	0	0
0	0	0
0	0	0
0	0	0
0	0	0
0	0	0
0	0	0
0	0	0
0	0	0
0	0	0
0	0	0
0	0	0
0	0	0
0	0	0
0	0	0
0	0	0
0	0	0
0	0	0
0	0	0
0	0	0
0	0	0
0	0	0
388572000196949	388572059619911	388572037141990
388572067230490	388572126287035	388572104680615
388578624174869	388578742967597	388578728833327
388578651417369	388578792968147	388578768599494
388583214339662	388583342977674	388583325376246
388583235444829	388583376311053	388583367026246
388583345970162	388583426311379	388583408585787
388583402938662	388583476311131	388583450992079
388583436316829	388583509644539	388583494099371
388583472545246	388583559644819	388583538535704
388583513850704	388583592978031	388583582420663
388583560460288	388583642978291	388583628219121
388583605111454	388583692978578	388583674417454
388583729703746	388583792978640	388583770186829
388583747397621	388583826312024	388583815527704
388583789575163	388583876312133	388583860238163
388583834958079	388583926312084	388583904404954
388583880224454	388583959645673	388583947846038
388583923499579	388584009645771	388583989666246
388583966580496	388584042979280	388584030852329
388584009587663	388584092979417	388584072226288
388584050166413	388584126312695	388584112752996
388584095237454	388584176312609	388584153477371
388584131861371	388584209646015	388584193752246
