33333333
388825071203819	388825143496885	388825123715611
388825106497736	388825176829863	388825160654903
388825140926444	388825210163729	388825197939778
388825178094111	388825260163159	388825236685236
388825215104111	388825293496745	388825275874861
388825255834111	388825326830031	388825315032153
388825293511778	388825376830240	388825354234611
388825332448194	388825410163790	388825393343778
388825371871528	388825443497642	388825433434528
388825411008778	388825493497191	388825473102236
388825451597111	388825526830630	388825513871945
388825490070445	388825576830674	388825556410445
388825532489153	388825626830697	388825601940195
388825573640070	388825660164200	388825649072736
388825618447278	388825710164507	388825695724445
388825665479778	388825760164417	388825743037570
388825712126653	388825810164544	388825791716361
388825761113111	388825860164627	388825842367528
388825810060695	388825910164682	388825894396070
388825860239070	388825960165150	388825947552028
388825912888778	388826010165093	388826000464153
388825965967736	388826076831791	388826053229112
388826017871945	388826126831884	388826106044653
388826069518362	388826176831978	388826158748653
388826122975403	388826226832097	388826213203570
388826175818195	388826293498866	388826268378820
388826229256987	388826343498848	388826325053153
388826285702987	388826393498962	388826381424612
388826346781903	388826460165955	388826436846237
388826400378737	388826510166018	388826492172195
388826511706612	388826576832847	388826561672112
388826527236195	388826643499662	388826619063987
388826578684112	388826693499757	388826675574362
388826634156612	388826743499863	388826730806403
388826692656487	388826810166520	388826786189862
388826748419320	388826860166975	388826838482029
388826803649112	388826910167132	388826891083862
388826857482445	388826960167018	388826943815029
388826908358820	388827010167495	388826996314029
388826961627987	388827060167192	388827049043279
388827016464570	388827126834019	388827101527070
388827065811987	388827176833975	388827152551237
388827117617112	388827226834227	388827201441529
388827169561320	388827260167467	388827248463737
388827217623987	388827310167719	388827294555695
388827264804779	388827360167682	388827341632987
388827310835404	388827410168563	388827386849612
388827359822112	388827443501623	388827429974612
388827404600029	388827493501487	388827469923362
388827447163029	388827526834916	388827509728862
388827489263862	388827560168132	388827549089196
388827526640904	388827610168386	388827588844904
388827565327112	388827643501803	388827628065821
388827606099321	388827676835511	388827667658071
388827647614487	388827726835315	388827707479779
388827685220862	388827760168702	388827745435696
388827725332112	388827793502204	388827782590446
388827762461821	388827843502226	388827818711112
388827800606987	388827876835619	388827852273112
388827836620321	388827910169166	388827885369571
388827871013779	388827943502415	388827918497487
388827902660612	388827960168945	388827950999446
388828042626237	388828093502578	388828069746362
388828064201779	388828126836135	388828103132112
388828086502612	388828160170107	388828136345404
388828123828779	388828193502976	388828170782821
388828155177613	388828226836398	388828206985404
388828188749821	388828260169728	388828244389029
388828223688988	388828293503208	388828283034488
388828263308988	388828343503284	388828322476529
388828302177529	388828376836547	388828362059029
388828339103946	388828426836643	388828401866863
388828380241821	388828460170213	388828441649946
388828418744321	388828493503585	388828481366238
388828459348029	388828543503731	388828521459863
388828498492863	388828576837299	388828561376654
388828538197113	388828626837253	388828603207321
388828579149529	388828660170461	388828646820613
388828620492113	388828710170569	388828693198279
388828663228529	388828760170862	388828739799071
388828712550529	388828810170970	388828786198113
388828758628113	388828843504338	388828833949029
388828804887238	388828893504312	388828883972030
388828850674946	388828960171314	388828936523780
388828901032821	388829010171490	388828988968113
388828953353863	388829060171491	388829041891863
388829005913238	388829110171693	388829094735988
388829059045821	388829160171710	388829146533613
388829112308405	388829210171651	388829198767946
388829165145196	388829276838637	388829251761821
388829215956655	388829326838738	388829306676571
388829268711613	388829376838848	388829362520738
388829324457280	388829443505815	388829419834488
388829381317780	388829493506122	388829476219780
388829436263780	388829543505576	388829531565030
388829577409322	388829643506265	388829627181280
388829595398947	388829693506190	388829683380988
388829644903613	388829760172840	388829740389405
388829699743655	388829810172929	388829795604280
388829756995738	388829860173201	388829850989113
388829812619197	388829926840036	388829903239113
388829867714738	388829976840000	388829956301113
388829920171780	388830026840090	388830008770363
388829972821072	388830076840337	388830061657905
388830025557863	388830126840453	388830114271488
388830078771947	388830176840407	388830167147113
388830130932738	388830243507395	388830218444655
388830184768405	388830276840630	388830267107989
388830235919738	388830326840768	388830314110530
388830283734239	388830376840962	388830360555114
388830330559697	388830426841262	388830407579530
388830379159780	388830476840977	388830452901697
388830425199614	388830510174433	388830495959280
388830470443364	388830560174708	388830535718114
388830514207114	388830593508107	388830575468739
388830554712739	388830626841502	388830614882489
388830593223280	388830676841639	388830654555405
388830631663405	388830710175026	388830693852572
388830671266947	388830743508426	388830732906697
388830710998030	388830793508558	388830772809530
388830749615905	388830826841801	388830810817614
388830792094822	388830860175347	388830847843905
388830830030905	388830893508802	388830883983572
388830866169280	388830926842019	388830916959530
388830901070655	388830960175627	388830950046031
388830935355530	388830993509100	388830983198531
388830967710531	9223372036854775807	388831015686114
