33333333
0	0	0
0	0	0
0	0	0
0	0	0
0	0	0
0	0	0
0	0	0
0	0	0
0	0	0
0	0	0
0	0	0
0	0	0
0	0	0
0	0	0
0	0	0
0	0	0
0	0	0
0	0	0
0	0	0
0	0	0
0	0	0
0	0	0
0	0	0
0	0	0
0	0	0
0	0	0
0	0	0
0	0	0
0	0	0
0	0	0
0	0	0
0	0	0
0	0	0
0	0	0
0	0	0
0	0	0
0	0	0
0	0	0
0	0	0
0	0	0
0	0	0
0	0	0
0	0	0
0	0	0
0	0	0
0	0	0
0	0	0
0	0	0
0	0	0
0	0	0
0	0	0
0	0	0
0	0	0
0	0	0
0	0	0
0	0	0
0	0	0
0	0	0
0	0	0
0	0	0
0	0	0
0	0	0
0	0	0
0	0	0
0	0	0
0	0	0
0	0	0
0	0	0
0	0	0
0	0	0
0	0	0
0	0	0
0	0	0
0	0	0
0	0	0
0	0	0
0	0	0
0	0	0
0	0	0
0	0	0
0	0	0
0	0	0
0	0	0
0	0	0
0	0	0
0	0	0
0	0	0
0	0	0
0	0	0
0	0	0
0	0	0
0	0	0
0	0	0
0	0	0
0	0	0
0	0	0
0	0	0
0	0	0
0	0	0
0	0	0
388791573442345	388791626757707	388791609829637
388791639591678	388791693424459	388791676742470
388798301168807	388798410105573	388798387625390
388798324447890	388798460105740	388798446773640
388802877986434	388802976782330	388802950629225
388802894975059	388803043449019	388803015731934
388802967931642	388803076782439	388803053045059
388803031720934	388803110115818	388803087573059
388803072181892	388803143449092	388803122818892
388803105599184	388803176782644	388803158442767
388803139837101	388803210116623	388803195701851
388803176431726	388803243449283	388803233160184
388803213746892	388803293449408	388803270857476
388803250953601	388803326782964	388803309847684
388803288140142	388803360116191	388803348936434
388803430768726	388803476783273	388803464796851
388803446145642	388803526783382	388803501554184
388803484808851	388803560116646	388803538998809
388803520187226	388803593450187	388803576164517
388803555768809	388803626783600	388803612185101
388803594640017	388803660116956	388803647852684
388803631042601	388803693450416	388803682491768
388803665709434	388803726783829	388803715692893
388803700750559	388803760117223	388803748946518
388803731870434	388803793450986	388803782476726
388803766430934	388803826783884	388803815467351
388803805367309	388803860117235	388803848200059
