33333333
0	0	0
0	0	0
0	0	0
0	0	0
0	0	0
0	0	0
0	0	0
0	0	0
0	0	0
0	0	0
0	0	0
0	0	0
0	0	0
0	0	0
0	0	0
0	0	0
0	0	0
0	0	0
0	0	0
0	0	0
0	0	0
0	0	0
0	0	0
0	0	0
0	0	0
0	0	0
0	0	0
0	0	0
0	0	0
0	0	0
0	0	0
0	0	0
0	0	0
0	0	0
0	0	0
0	0	0
0	0	0
0	0	0
0	0	0
0	0	0
0	0	0
0	0	0
0	0	0
0	0	0
0	0	0
0	0	0
0	0	0
0	0	0
0	0	0
0	0	0
0	0	0
0	0	0
0	0	0
0	0	0
0	0	0
0	0	0
0	0	0
0	0	0
0	0	0
0	0	0
0	0	0
0	0	0
0	0	0
0	0	0
0	0	0
0	0	0
0	0	0
0	0	0
0	0	0
0	0	0
0	0	0
0	0	0
0	0	0
0	0	0
0	0	0
0	0	0
0	0	0
0	0	0
0	0	0
0	0	0
0	0	0
0	0	0
0	0	0
0	0	0
0	0	0
0	0	0
0	0	0
0	0	0
0	0	0
0	0	0
0	0	0
0	0	0
0	0	0
0	0	0
0	0	0
0	0	0
0	0	0
0	0	0
388843257291703	388843310202358	388843288571786
388843317273245	388843360202201	388843345650120
388849822556998	388849943549626	388849920464081
388849846786748	388849976882855	388849960819623
388854465209583	388854576892892	388854550424833
388854490751792	388854643559741	388854623231625
388854569149833	388854676893116	388854662229625
388854658016500	388854710226759	388854700733875
388854685180875	388854760226663	388854740391125
388854721268292	388854793560227	388854781118709
388854761762792	388854843560289	388854822611250
388854802103917	388854876893748	388854864139709
388854844550042	388854926894547	388854906121709
388854977802709	388855026894092	388855014254917
388854994923792	388855076893955	388855056433959
388855035412584	388855110227600	388855096628084
388855074858250	388855160227499	388855137415292
388855116062042	388855193561062	388855176809542
388855156427375	388855226894143	388855215640084
388855195822250	388855276894413	388855253837292
388855234802250	388855310227806	388855290946500
388855272651292	388855343561260	388855328309292
388855309163917	388855376894573	388855365245542
388855347215334	388855426894563	388855402276375
388855386861334	388855460228075	388855439493501
388855425631959	388855493561710	388855476193126
388855461330501	388855526894958	388855516471959
388855497636667	388855560228372	388855551203459
388855538504792	388855610228478	388855587353834
