33333333
388876596765302	388876660273606	388876647116219
388876637128052	388876693606861	388876684238886
388876667902094	388876743607141	388876721085802
388876704377802	388876776940571	388876757800177
388876739751386	388876810273942	388876794811094
388876776910969	388876843607307	388876833034761
388876813445636	388876893607449	388876872698344
388876850977261	388876926940964	388876913294261
388876890976469	388876976940962	388876955683594
388876932199886	388877010274384	388876998776636
388876973985761	388877060274503	388877041596636
388877017998594	388877110274600	388877084902344
388877060812802	388877143607833	388877127682969
388877105202386	388877193607975	388877171297261
388877148109386	388877226941457	388877214397303
388877189733803	388877276941615	388877259639219
388877232886303	388877326941740	388877307063511
388877280702636	388877376941803	388877356420469
388877326387469	388877426941977	388877406749136
388877381077886	388877476942054	388877456518178
388877426791511	388877526941976	388877508769469
388877475169719	388877576942099	388877563256844
388877527650219	388877643609089	388877619032511
388877586088303	388877693609160	388877675970928
388877639738803	388877743609244	388877731266053
388877694979844	388877810276077	388877787782511
388877749341636	388877860276188	388877843946095
388877806187803	388877910276151	388877900487845
388877863667803	388877976943118	388877959205803
388877919728636	388878043609769	388878018188720
388877982594678	388878093610053	388878078988095
388878038441720	388878160276835	388878138408345
388878194796636	388878260276910	388878248241511
388878214258595	388878326943838	388878307902970
388878266515386	388878393610994	388878368095345
388878326261803	388878443610739	388878426642553
388878387118720	388878493610728	388878483278595
388878446209428	388878560277715	388878539654887
388878502961387	388878610277783	388878595967553
388878559321387	388878676944601	388878651952595
388878615001678	388878726945094	388878708991928
388878670136470	388878776944846	388878765260345
388878727665928	388878843611686	388878820056595
388878783308137	388878893611723	388878872038387
388878849840095	388878943611855	388878921811637
388878890221095	388878993611979	388878973327553
388878940731428	388879043612072	388879022219553
388878992176220	388879093612042	388879068330178
388879041063512	388879126945574	388879111887012
388879088748887	388879176945686	388879156258387
388879132320845	388879210279100	388879199820637
388879175401137	388879260279188	388879243968720
388879219168762	388879310279287	388879286496679
388879263653845	388879343612747	388879329387262
388879306140845	388879393612997	388879371410679
388879348516429	388879426946218	388879412278595
388879391006845	388879476946481	388879452496179
388879433608887	388879510279712	388879490689804
388879472178554	388879543612976	388879528280970
388879510358262	388879576946379	388879565407220
388879549893220	388879626946600	388879602820220
388879585340137	388879660280096	388879640223304
388879621734720	388879693613316	388879676842512
388879662024887	388879726946838	388879713752845
388879703027429	388879760280116	388879750714679
388879733929054	388879810280242	388879788160012
388879769138012	388879843613777	388879824727679
388879807788804	388879876947199	388879861628887
388879843144554	388879910280593	388879899036429
388879880071804	388879960280700	388879937418429
388879918098596	388879993614182	388879977910012
388879959434804	388880043614693	388880018365554
388880000913471	388880076947464	388880060626887
388880036604554	388880126947583	388880103068221
388880081850804	388880160281490	388880145548429
388880125944762	388880210281233	388880189262221
388880166295387	388880243614648	388880231911221
388880208911512	388880293614723	388880275764929
388880250307179	388880343614847	388880319621179
388880294405012	388880376948137	388880365490637
388880339843429	388880426948199	388880413407179
388880383514762	388880476948311	388880463950429
388880433616054	388880526948402	388880514147804
388880484896887	388880576948693	388880565648846
388880532632012	388880626948612	388880618115471
388880583799929	388880693615638	388880673742846
388880637064221	388880743615565	388880730496679
388880692548221	388880810282519	388880786673138
388880748917429	388880860282610	388880843109929
388880804314804	388880910282720	388880898867804
388880861058138	388880976949365	388880955022596
388880918571263	388881026949652	388881011809971
388880972834471	388881093616440	388881070170721
388881031761763	388881143616558	388881129860888
388881090607304	388881210283868	388881189298721
388881153735763	388881260283478	388881249301179
388881262878388	388881326950296	388881316803263
388881283205805	388881393617078	388881376705096
388881336788638	388881460283918	388881436886430
388881395708096	388881510284162	388881495182846
388881456385638	388881576951050	388881552359221
388881514325096	388881626950964	388881609085805
388881571218180	388881676951244	388881665288180
388881626866263	388881743617701	388881721364680
388881682692596	388881793617997	388881778065263
388881739630180	388881843618095	388881834255263
388881796966638	388881910284874	388881889440846
388881855937930	388881960285011	388881941848471
388881910166055	388882010285144	388881992068763
388881963726638	388882060285027	388882042775430
388882010397180	388882110285142	388882092356513
388882065088805	388882160285472	388882138765472
388882114662138	388882193618803	388882183221138
388882159889763	388882243618926	388882227678930
388882201476097	388882293619037	388882270860180
388882248308597	388882326952471	388882314276055
388882289152305	388882376952526	388882356909222
388882333129972	388882410285809	388882400460513
388882376758513	388882460286213	388882442797138
388882420096930	388882493619451	388882483812013
388882462906930	388882543619213	388882524638763
388882501292138	388882576953367	388882563123680
388882542856972	388882610286516	388882600797680
388882580438638	388882660286763	388882637710347
388882618417305	388882693620015	388882675177639
388882659677222	388882726953737	388882711457555
388882700530222	9223372036854775807	9223372036854775807
