33333333
343639501826065	343639679887565	343639666167982
343639592856398	343639779887940	343639761357023
343639679442440	343639863221277	343639852422148
343639776916898	343639979888328	343639956352107
343639864506940	343640079888541	343640065725773
343639970084982	343640196555468	343640182549524
343640078180940	343640313222347	343640295074149
343640194773857	343640446556054	343640435707357
343640308234399	343640596556317	343640575313607
343640448147190	343640746556874	343640725252982
343640588659982	343640896557000	343640870259566
343640740123982	343641046557309	343641020571191
343640890718274	343641179891138	343641169642482
343641034126941	343641329891639	343641314848566
343641184976066	343641479891759	343641465090232
343641329950774	343641629891980	343641614850566
343641478951066	343641779892737	343641754987566
343641627954816	343641913225669	343641888673983
343641767225441	343642013226008	343642000250816
343641901084899	343642129892829	343642116258108
343642012088733	343642229893035	343642217278400
343642127837858	343642329893383	343642312857025
343642229349108	343642429893637	343642403681900
343642327843941	343642513227094	343642495477691
343642423493941	343642596560604	343642585804566
343642510454566	343642696560861	343642675923233
343642599907275	343642779894353	343642764236233
343642689228941	343642879894590	343642860171941
343642776751858	343642963227947	343642952216900
343642873579525	343643079895322	343643058729900
343642968428358	343643196561893	343643174282608
343643072808942	343643296561983	343643285689442
343643186702358	343643429895771	343643407631525
343643301512900	343643563229388	343643550767817
343643420437817	343643713229549	343643691240150
343643562400942	343643863229879	343643841989609
343643704262859	343644013230338	343643988341567
343643854486317	343644163230692	343644138929525
343644002427567	343644296564111	343644284613567
343644152440359	343644446564619	343644434659609
343644299490109	343644596564781	343644581173817
343644448142192	343644746565234	343644726452401
343644596993651	343644879898889	343644867850692
343644740570526	343644996566273	343644980480859
343644880270276	343645113232552	343645095722151
343644994135026	343645213232926	343645201608234
343645108517359	343645313233104	343645298340401
343645214256484	343645413233364	343645389482359
343645310150609	343645496567060	343645481865693
343645402740484	343645579900372	343645567117401
343645495599859	343645679900594	343645657527818
343645579331484	343645763234285	343645743866693
343645669214276	343645863234311	343645837699651
343645756834110	343645946567655	343645928484776
343645849566401	343646046568017	343646027744526
343645940954943	343646146568239	343646131649526
343646040736568	343646263235355	343646246942193
343646143965860	343646379905409	343646359259860
343646259452235	343646513235722	343646486917152
343646372858985	343646646569316	343646626822027
343646499268277	343646796569658	343646773154818
343646640882693	343646929903091	343646918521485
343646784743777	343647079903439	343647069501443
343646934899777	343647229903905	343647219477527
343647082049193	343647379904231	343647364678277
343647231497319	343647529904540	343647515027902
343647377082610	343647679905250	343647660183527
343647526374319	343647829905065	343647805849111
343647673792902	343647963239165	343647941626527
343647818698361	343648079905598	343648058462777
343647954294861	343648179905945	343648169340569
343648075307361	343648296572856	343648276343861
343648181727361	343648379906196	343648367518152
343648289584444	343648479906650	343648462912236
343648380168736	343648563239973	343648550139236
343648476604361	343648663240755	343648640167778
343648567879736	343648746573871	343648730321611
343648652632319	343648829907346	343648818482569
343648745241694	343648929907567	343648913762569
343648830305778	343649029907788	343649004990736
343648926319903	343649129907841	343649109189528
343649016496444	343649229908210	343649218740695
343649122896986	343649346575125	343649335321653
343649231281695	343649463242061	343649447688236
343649347472986	343649613242191	343649587939861
343649460819611	343649746576008	343649728668236
343649602759903	343649896576612	343649878701361
343649741421903	343650046576890	343650023882445
343649892571320	343650196576794	343650174020153
343650039076653	343650346577106	343650324618695
343650187946403	343650496577409	343650470652987
343650339137362	343650646577779	343650622416362
343650483301820	343650779911539	343650766411029
343650634517445	343650929911867	343650909440529
343650782262195	343651046578762	343651035265654
343650926019029	343651163245493	343651152161320
343651050029570	343651279912579	343651259637737
343651166287320	343651379913012	343651358882404
343651273675487	343651463246332	343651449817862
343651372422904	343651563246613	343651543048696
343651464995654	343651646580046	343651633487737
343651559945071	343651746580245	343651723014196
343651646705362	343651829914326	343651809408612
343651735142071	343651913247284	343651902323779
343651822657196	343652013247481	343651992929737
343651914093946	343652113247720	343652090158071
343652008255113	343652213247949	343652192376071
343652105790363	343652329914856	343652307469071
343652205108821	343652446581581	343652419533488
343652321392696	343652563248853	343652543925029
343652431354738	343652696582190	343652683583363
343652559239071	343652846582628	343652829657405
343652695995279	343652996582784	343652975327071
343652842250446	343653146583147	343653125901738
343652989378571	343653296583571	343653270069780
343653139676363	343653429917036	343653419378947
343653281410738	343653579917552	343653564221197
343653435089280	343653729917850	343653715203780
343653578874488	343653879918069	343653857150322
343653730559655	343654013251865	343653994755530
343653869181488	343654129918968	343654107145905
343654007538822	343654246585478	343654222338155
343654119984155	343654346585841	343654324802655
343654237636739	343654446586042	343654420499072
343654337363905	343654529919424	343654511800697
343654433762947	9223372036854775807	343654603870405
343654525237072	9223372036854775807	9223372036854775807
