33333333
395642198441403	395642308122172	395642295229570
395642254187070	395642374789493	395642349062778
395642308179528	395642424789233	395642403500612
395642361929362	395642474789188	395642457699362
395642418214570	395642524789483	395642512037029
395642471534278	395642591455936	395642566252487
395642527678112	395642641456184	395642620499862
395642580109112	395642691456272	395642674718987
395642634929570	395642741456276	395642728959654
395642688784779	395642808123190	395642783219987
395642743063695	395642858123336	395642837449779
395642798223987	395642908123481	395642891785029
395642853140154	395642958123803	395642945989779
395642909245029	395643024790197	395643000230362
395642963057695	395643074790444	395643054475154
395643016659945	395643124790368	395643108655779
395643068823945	395643174790667	395643162887654
395643122820904	395643241457478	395643217234779
395643178190070	395643291458120	395643271347112
395643229156904	395643341457742	395643325609404
395643286002321	395643391457822	395643379867946
395643340302612	395643458124604	395643434127696
395643392952112	395643508124717	395643488389821
395643447506862	395643558125031	395643542590779
395643501419862	395643608124971	395643596849571
395643556690112	395643674791765	395643651261987
395643610212779	395643724791875	395643705348779
395643663151196	395643774792009	395643759576737
395643717785612	395643824792053	395643813815029
395643773932862	395643891458872	395643868105571
395643829021071	395643941458985	395643922293029
395643883939612	395643991459087	395643976500529
395643937170863	395644041459047	395644030773904
395643990639113	395644108125837	395644085009279
395644044765988	395644158126134	395644139289113
395644097841946	395644208126222	395644194325571
395644153110071	395644258126321	395644248280946
395644209064488	395644324793165	395644302493113
395644260568113	395644374793240	395644356735321
395644315425571	395644424793187	395644411003446
395644369959446	395644474793616	395644465307279
395644426054904	395644541460090	395644519636238
395644480923279	395644591460229	395644573327904
395644591265863	395644658127225	395644640494738
395644608967196	395644708127557	395644694363655
395644655362238	395644758127257	395644748631738
395644707580988	395644824794057	395644802875321
395644761301946	395644874794323	395644857116196
395644815818113	395644924794441	395644911350113
395644870425905	395644974794330	395644965628071
395644924903363	395645041461639	395645019839613
395644980361321	395645091461887	395645074139446
395645033835113	395645141461515	395645128434946
395645087722280	395645208128197	395645182729946
395645141883446	395645258128500	395645236993363
395645194562946	395645308128450	395645291232863
395645250203946	395645358128680	395645345467488
395645304252988	395645424796089	395645399758613
395645358285530	395645474795607	395645453973530
395645413041530	395645524795692	395645508439863
395645467236655	395645574795849	395645562457322
395645522253780	395645641462632	395645616672113
395645577283905	395645691462551	395645670857530
395645629945447	395645741462835	395645725155363
395645684822072	395645791462816	395645779302780
395645738986863	395645858129616	395645833534947
395645792397988	395645908129891	395645887758697
395645846668030	395645958130153	395645941956697
395645899944780	395646008129940	395645996255280
395645955197947	395646074796890	395646050474239
395646010115864	395646124797106	395646104761364
395646065906447	395646174797105	395646158951780
395646139032822	395646224797770	395646212736655
395646171819405	395646291464014	395646266984780
395646226068364	395646341464119	395646321234489
395646280744489	395646391464070	395646375477072
395646334136739	395646441464331	395646429749447
395646388779155	395646508131159	395646484073072
395646443091364	395646558131466	395646538220905
395646497232114	395646608131349	395646592436614
395646551725864	395646658131456	395646646691030
395646606399197	395646724798318	395646700909864
395646659383280	395646774798418	395646755119239
395646714145364	395646824798332	395646809334364
395646769133364	395646874798602	395646863606656
395646825012531	395646941465442	395646917825864
395646877853864	395646991465545	395646972125031
395646931693697	395647041465643	395647026329239
395646985742572	395647091465744	395647080620697
395647040218989	395647158132487	395647134832531
395647093331031	395647208132672	395647189059281
395647148422947	395647258132940	395647243295531
395647202273531	395647308133021	395647297657114
395647256683156	395647374799673	395647351846156
395647311379197	395647424799753	395647406105739
395647364769281	395647474799683	395647460425073
395647421143948	395647524800188	395647514668073
395647474271114	395647591467010	395647568894531
395647529353614	395647641466949	395647623104448
395647656340739	395647724800292	395647705623364
395647676322114	395647774800516	395647759429281
395647720566823	395647824800620	395647813704406
395647773153906	395647891467306	395647867955906
395647826000323	395647941467571	395647923090698
395647880555031	395647991467670	395647976930739
395647939653906	395648041467620	395648031205614
395647993987906	395648108134406	395648085442073
395648044989656	395648158134800	395648139647781
395648098318615	395648208134652	395648193865531
395648154348031	395648258134766	395648248233031
395648207058198	395648324801752	395648302320656
395648262119198	395648374801823	395648356504073
395648319154198	395648424801940	395648410790365
395648370903365	395648474802017	395648465090115
395648426512823	395648541468861	395648519343948
395648479070698	395648591468983	395648573593365
395648532239031	395648641469057	395648627823323
395648586987198	395648691469186	395648682115073
395648640799281	395648758135988	395648736354781
395648694916906	395648808136127	395648790604698
395648748528573	395648858136695	395648844845323
395648803421198	395648908136152	395648899104698
395648857894157	395648974803143	395648953312323
395648912740865	395649024803256	395649007506157
395648965703615	395649074803305	395649062632865
395649020292198	9223372036854775807	395649116441115
395649076754365	9223372036854775807	9223372036854775807
