33333333
0	0	0
0	0	0
0	0	0
0	0	0
0	0	0
0	0	0
0	0	0
0	0	0
0	0	0
0	0	0
0	0	0
0	0	0
0	0	0
0	0	0
0	0	0
0	0	0
0	0	0
0	0	0
0	0	0
0	0	0
0	0	0
0	0	0
0	0	0
0	0	0
0	0	0
0	0	0
0	0	0
0	0	0
0	0	0
0	0	0
0	0	0
0	0	0
0	0	0
0	0	0
0	0	0
0	0	0
0	0	0
0	0	0
0	0	0
0	0	0
0	0	0
0	0	0
0	0	0
0	0	0
0	0	0
0	0	0
0	0	0
0	0	0
0	0	0
0	0	0
0	0	0
0	0	0
0	0	0
0	0	0
0	0	0
0	0	0
0	0	0
0	0	0
0	0	0
0	0	0
0	0	0
0	0	0
0	0	0
0	0	0
0	0	0
0	0	0
0	0	0
0	0	0
0	0	0
0	0	0
0	0	0
0	0	0
0	0	0
0	0	0
0	0	0
0	0	0
0	0	0
0	0	0
0	0	0
0	0	0
0	0	0
0	0	0
0	0	0
0	0	0
0	0	0
0	0	0
0	0	0
0	0	0
0	0	0
0	0	0
0	0	0
0	0	0
0	0	0
0	0	0
0	0	0
0	0	0
0	0	0
0	0	0
0	0	0
0	0	0
0	0	0
0	0	0
0	0	0
0	0	0
0	0	0
395609191383763	395609291384529	395609263998096
395609245088054	395609358051712	395609340659471
395620674293518	395620808076033	395620792904101
395620695666476	395620874742650	395620863419977
395620805721851	395620941409511	395620917618435
395620876649060	395620991409597	395620971860643
395620931118310	395621041409895	395621026942060
395620984370435	395621091409952	395621080790477
395621045546518	395621158076782	395621135141977
395621093676310	395621208076876	395621188723143
395621206174477	395621274743700	395621255423768
395621223898935	395621324743792	395621309233477
395621268371893	395621374743725	395621363522977
395621323040560	395621441410547	395621417934477
395621377902352	395621491410817	395621472202518
395621434233018	395621541410738	395621526405519
395621489874435	395621591411065	395621581038602
395621539765144	395621658077848	395621635546644
395621601316810	395621708077780	395621689734852
395621650572269	395621758077874	395621743961352
395621702562977	395621808077994	395621798234519
395621757386977	395621874744807	395621851864019
