33333333
0	0	0
0	0	0
0	0	0
0	0	0
0	0	0
0	0	0
0	0	0
0	0	0
0	0	0
0	0	0
0	0	0
0	0	0
0	0	0
0	0	0
0	0	0
0	0	0
0	0	0
0	0	0
0	0	0
0	0	0
0	0	0
0	0	0
0	0	0
0	0	0
0	0	0
0	0	0
0	0	0
0	0	0
0	0	0
0	0	0
0	0	0
0	0	0
0	0	0
0	0	0
0	0	0
0	0	0
0	0	0
0	0	0
0	0	0
0	0	0
0	0	0
0	0	0
0	0	0
0	0	0
0	0	0
0	0	0
0	0	0
0	0	0
0	0	0
0	0	0
0	0	0
0	0	0
0	0	0
0	0	0
0	0	0
0	0	0
0	0	0
0	0	0
0	0	0
0	0	0
0	0	0
0	0	0
0	0	0
0	0	0
0	0	0
0	0	0
0	0	0
0	0	0
0	0	0
0	0	0
0	0	0
0	0	0
0	0	0
0	0	0
0	0	0
0	0	0
0	0	0
0	0	0
0	0	0
0	0	0
0	0	0
0	0	0
344351062947238	344351114748070	344351100398071
344351117444571	344351164747670	344351147824613
344360337733659	344360448100719	344360433125909
344360365488575	344360498100676	344360472953200
344362498871660	344362598105334	344362569228868
344362522556868	344362648105428	344362637074243
344362588649410	344362698105400	344362675950576
344362657444993	344362731438967	344362714632785
344362728237035	344362781439100	344362761429910
344362747800035	344362814772336	344362800487160
344362784611868	344362848106059	344362839034785
344362820856410	344362898105835	344362877518285
344362860118618	344362931439377	344362916057243
344362897355576	344362964772638	344362954469827
344362938762160	344363014772876	344362992771743
344362974585118	344363048106094	344363030568910
344363011680035	344363081439809	344363067817785
344363048721618	344363114773143	344363104399493
344363089607452	344363164773059	344363140338660
344363123861910	344363198106940	344363175850077
344363158907160	344363231440072	344363210439618
344363195237160	344363264773450	344363243950618
344363233054952	344363298106691	344363278426702
344363266377785	344363331440239	344363312803743
344363303047577	344363364773788	344363347966952
344363335100493	344363398106910	344363382306327
344363370167285	344363431440498	344363416264743
344363403506952	344363464774007	344363451048827
344363440634243	344363498107306	344363485499577
344363474617118	344363531440516	344363520208743
344363504681410	344363564774143	344363554629535
344363539855243	344363598107334	344363588753910
344363574332493	344363648108249	344363623229077
344363608315243	344363681441446	344363658016785
344363645609952	344363714774675	344363692495535
344363677462327	344363748107790	344363726572494
344363712240619	344363781441385	344363761221202
344363744852452	344363814774465	344363799434952
344363779798619	344363848108055	344363838241785
344363818398994	344363898108514	344363877026910
344363857056744	344363931441328	344363916055202
344363895469327	344363981441460	344363955940785
344363937313535	344364014775091	344363996308577
344363975241244	344364048108327	344364037036619
344364015452994	344364098108583	344364076821660
