33333333
344399833202427	344399948185516	344399922867219
344399888239427	344399998185423	344399977187011
344399942238761	344400048185833	344400028993053
344399997780553	344400098185825	344400078133761
344400049025053	344400148185915	344400124768261
344400096961844	344400198186318	344400172755969
344400143279136	344400231519410	344400219861303
344400194333761	344400281519510	344400266836178
344400238114803	344400331519612	344400313357094
344400287718511	344400381519498	344400359662761
344400332163928	344400414852969	344400404369719
344400380580303	344400464853071	344400447992386
344400424402386	344400514853214	344400489030136
344400467713053	344400548186623	344400530985344
344400511836303	344400581519989	344400570720761
344400666811136	344400714853784	344400701697428
344400686125345	344400764853884	344400742925386
344400720731011	344400798187557	344400784777595
344400761690261	344400848187404	344400827987928
344400803779886	344400898187555	344400872846386
344400847168136	344400931520902	344400918680595
344400892754053	344400981520954	344400965888428
344400938053095	344401031520998	344401012035345
344400984350845	344401081521070	344401059498220
344401033110095	344401131521365	344401106195761
344401079756345	344401164854614	344401153905178
344401126740303	344401214854892	344401200987595
344401173282428	344401264854980	344401250703720
344401220430261	344401314854920	344401303300595
344401270418095	344401381521917	344401358484595
344401321798095	344401431522017	344401411792845
344401380341511	344401481522104	344401467347220
344401431983803	344401548188918	344401525465845
344401487387553	344401598189033	344401585181262
344401545657137	344401664855827	344401645904887
344401607049262	344401714855966	344401705776262
344401667742887	344401781522594	344401765717345
344401725602053	344401848189560	344401825655678
344401786339095	344401898190030	344401886136387
344401845482053	344401964856303	344401948581928
344401903840428	344402031523092	344402012127553
344401970270178	344402098190133	344402075812762
344402036947928	344402148190199	344402138450262
344402099171304	344402214857148	344402201265387
344402180827304	344402281523622	344402263220345
344402221068637	344402348190624	344402326142554
344402282401054	344402414857590	344402390026054
344402349140470	344402464858112	344402451954304
344402410248512	344402531524334	344402513625345
344402470505470	344402598191145	344402574208054
344402533475637	344402648191036	344402633529637
344402592733929	344402714858108	344402693564970
344402652088012	344402764858194	344402753278762
344402712382929	344402831524979	344402813598929
344402772956595	344402881525116	344402871548804
344402833706304	344402948191796	344402927782096
344402890533346	344402998192018	344402980978971
344402947297887	344403048192284	344403035448429
344402999597054	344403098192250	344403085960262
344403055518179	344403148192334	344403135068054
344403105605304	344403198192281	344403182285304
344403154376679	344403248192748	344403229417554
344403201048346	344403298192808	344403276360804
344403249928679	344403331526088	344403322591887
344403298232137	344403381526008	344403369495596
344403342375137	344403431526286	344403416125429
344403392227971	344403481526616	344403460071887
344403444334346	344403514859810	344403503079554
344403481789804	344403564859865	344403544495679
344403524709054	344403598193330	344403585630304
344403564950888	344403648193427	344403626286096
344403696943929	344403748193464	344403731659388
344403714078263	344403798193859	344403772958763
344403752155888	344403831527360	344403814809721
344403796928096	344403881527077	344403857983846
344403836590513	344403914860499	344403902837596
344403877381263	344403964860608	344403948675596
344403921660096	344404014860928	344403995589554
344403970175846	344404064860803	344404041863388
344404014755804	344404098194376	344404088842179
344404063178096	344404148194302	344404135499679
344404107349054	344404198194616	344404183272221
344404153896804	344404248194707	344404230537263
344404201122096	344404298194830	344404280409513
344404251965471	344404348194991	344404331915138
344404299663305	344404398195008	344404386224888
344404351000513	344404464861850	344404439502430
344404404593346	344404514861952	344404495220721
344404457545888	344404564862071	344404553296763
344404515467596	344404631528837	344404612639555
344404574091930	344404698195670	344404673185888
344404632606846	344404748195785	344404732398305
344404691770096	344404814862580	344404792316180
344404750412596	344404864862746	344404852280221
344404813430346	344404931529502	344404912717680
344404874234596	344404998196294	344404975061888
344404935543097	344405048196271	344405038551472
344404994575222	344405114863239	344405101973097
344405060388555	344405181530204	344405164587347
344405124215638	344405248196757	344405226952972
344405230581263	344405314863661	344405289658388
344405249102722	344405364864050	344405353058263
344405308432472	344405431531058	344405416590138
344405377110972	344405498197370	344405479453388
344405437707430	344405564864208	344405542513138
344405500721638	344405614864402	344405603062264
344405562533888	344405681531344	344405663117847
344405623144847	344405748197942	344405722877055
344405682382264	344405798198042	344405783238555
344405741247264	344405864864701	344405842839972
344405801351430	344405914864950	344405901517430
344405862835680	344405981531755	344405957147097
344405921022930	344406031531879	344406011227055
344405975592722	344406081531807	344406065289430
344406030281264	344406131532089	344406119379930
344406091722222	344406181532304	344406169150597
344406145993930	344406231532330	344406216540430
344406192502764	344406281532413	344406264537972
344406243736139	344406331532360	344406311844597
344406291508097	344406381532762	344406358836014
344406337973347	344406414865993	344406405086931
344406384864931	344406464865965	344406452206222
344406426632222	344406514866357	344406497000306
344406475786139	344406564866184	344406540819056
344406521659931	344406598200122	344406583041931
344406563463722	344406648199847	344406624893181
344406618568806	344406681533412	344406665341847
