33333333
376847447312108	376847551132702	376847530439650
376847502097608	376847601132671	376847577786066
376847550315233	376847651133170	376847625810900
376847598856066	376847684466178	376847673074691
376847646252858	376847734466326	376847719675025
376847693141150	376847784466590	376847765888650
376847738936941	376847834466513	376847811960608
376847786057566	376847867800077	376847856761483
376847832332900	376847917800196	376847901541233
376847880289317	376847967800277	376847943114233
376847921163942	376848001133686	376847983647525
376847965067567	376848034467092	376848023972650
376848006403233	376848084467166	376848064262567
376848114114275	376848167801336	376848149251233
376848133501275	376848201134122	376848190250275
376848170194983	376848251134216	376848231353942
376848209226108	376848284467635	376848273188358
376848249862775	376848334467971	376848317601233
376848291683858	376848384467699	376848362008400
376848335309775	376848434467963	376848409010817
376848383857442	376848467801207	376848455726400
376848431605192	376848517801324	376848502726108
376848477574567	376848567801520	376848549215275
376848520584317	376848617801525	376848596548942
376848567023775	376848667802028	376848643823275
376848616138942	376848717801925	376848694025692
376848667067817	376848767802510	376848745093234
376848712297067	376848817802185	376848798154234
376848766001192	376848867802437	376848851955275
376848818196525	376848917802351	376848906733400
376848872536234	376848984469364	376848963468817
376848928116984	376849034469065	376849023718234
376848983932567	376849101136303	376849083971067
376849045948317	376849167802822	376849144190234
376849104424067	376849217802792	376849204258067
376849165953442	376849284469784	376849263876567
376849226318484	376849334469862	376849323879859
376849285299192	376849401136688	376849385790817
376849345595942	376849467803493	376849448333067
376849407841026	376849534470503	376849511727984
376849471528901	376849584470287	376849575435942
376849535180609	376849651137230	376849637577484
376850012273734	376850084471517	376850069163901
376850035214526	376850151138135	376850132626984
376850090479401	376850217805128	376850196991901
376850151945609	376850267805075	376850258830484
376850216992401	376850334472083	376850320357318
376850279098276	376850401138840	376850380233068
376850341985693	376850451139221	376850439323443
376850398762568	376850517805628	376850499243984
376850458516026	376850584472425	376850559179609
376850518370526	376850634472709	376850619469026
376850578117151	376850701139352	376850678108818
376850638176776	376850751139592	376850734320485
376850700711776	376850801139696	376850788388901
376850754992360	376850867806604	376850843200401
376850809464776	376850917806440	376850894977360
376850863102485	376850967806758	376850944512360
376850916721401	376851001140612	376850991961651
376850964376860	376851051140247	376851039504360
376851012271568	376851101140349	376851086003776
376851059141776	376851151140463	376851132464151
376851106867985	376851201140563	376851179139776
376851152488318	376851234473911	376851225474110
376851199760151	376851284473902	376851269373485
376851245547235	376851334474179	376851313179860
376851288416818	376851367807414	376851354704985
376851333486235	376851417807834	376851395689318
376851382385527	376851451141050	376851436933193
376851423453818	376851501141559	376851477054985
376851546021943	376851601141251	376851580437485
376851567065193	376851634474704	376851621708985
376851603837860	376851684474940	376851662711985
376851642385568	376851717808574	376851704622777
376851682229068	376851767808626	376851749130402
376851725321235	376851817808569	376851793714902
376851768838568	376851851141961	376851840589902
376851816590860	376851901141874	376851887261860
376851861311193	376851951142153	376851934259360
376851907558568	376852001142536	376851980612235
376851952949485	376852051142230	376852027941735
376852001954110	376852084475783	376852075155360
376852049723819	376852134475869	376852123765860
376852097105902	376852184475845	376852174880277
376852143706944	376852251142827	376852227962819
376852195024319	376852301143170	376852281748235
376852248895360	376852351143180	376852336809152
376852302261069	376852417809819	376852393329485
376852356700735	376852467809964	376852453650652
376852414016235	376852534477008	376852513437610
376852472858735	376852584476845	376852573629610
376852536151902	376852651143714	376852633673152
376852592469319	376852717810465	376852693523569
376852654194652	376852767810581	376852753731111
376852712537194	376852834477394	376852816377152
376852773408194	376852901144058	376852878750152
376852836635361	376852967811001	376852942277569
376852896793819	376853017811109	376853005625152
376852968356777	376853084477742	376853068185861
376853081619361	376853151144734	376853138897902
376853099802319	376853217811726	376853202273944
376853157521361	376853284478372	376853266105361
376853220927402	376853351145192	376853328976986
376853283948944	376853401145108	376853390627069
376853348515777	376853467811911	376853451540194
376853409498194	376853534478907	376853510211403
376853470041611	376853584479030	376853569543986
376853529194611	376853651145844	376853629348736
376853588170944	376853701145781	376853688960694
376853647934361	376853767812739	376853747230694
376853708395778	376853817812848	376853802886028
376853766100486	376853867812931	376853856787319
376853821945028	376853934479740	376853911098736
376853875593444	376853984479866	376853963153153
376853931179736	376854034479809	376854013322111
376853983691361	376854084479920	376854059994111
376854033625111	376854117813494	376854107959319
376854084215778	376854167813568	376854155265403
376854127545070	376854217813721	376854202501570
376854173947736	376854267813774	376854248514070
376854221366945	376854317813921	376854294352320
376854266743736	376854351147308	376854339013778
376854313564570	376854401147443	376854384117445
376854358489820	376854451147600	376854426189486
376854404653820	376854484480946	376854466748236
376854450849528	376854517814296	376854507242195
376854490254445	9223372036854775807	376854547213361
