33333333
0	0	0
0	0	0
0	0	0
0	0	0
0	0	0
0	0	0
0	0	0
0	0	0
0	0	0
0	0	0
0	0	0
0	0	0
0	0	0
0	0	0
0	0	0
0	0	0
0	0	0
0	0	0
0	0	0
0	0	0
0	0	0
0	0	0
0	0	0
0	0	0
0	0	0
0	0	0
0	0	0
0	0	0
0	0	0
0	0	0
0	0	0
0	0	0
0	0	0
0	0	0
0	0	0
0	0	0
0	0	0
0	0	0
0	0	0
0	0	0
0	0	0
0	0	0
0	0	0
0	0	0
0	0	0
0	0	0
0	0	0
0	0	0
0	0	0
0	0	0
0	0	0
0	0	0
0	0	0
0	0	0
0	0	0
0	0	0
0	0	0
0	0	0
0	0	0
0	0	0
0	0	0
0	0	0
0	0	0
0	0	0
0	0	0
0	0	0
0	0	0
0	0	0
0	0	0
0	0	0
0	0	0
0	0	0
0	0	0
0	0	0
0	0	0
0	0	0
0	0	0
0	0	0
0	0	0
0	0	0
0	0	0
0	0	0
0	0	0
0	0	0
0	0	0
0	0	0
0	0	0
0	0	0
376784356237911	376784417663741	376784393146453
376784426545495	376784467664046	376784454892453
376788192395413	376788267672041	376788253362121
376788215905288	376788334338862	376788313220163
376788267038496	376788367672494	376788349246746
376788328386246	376788401005818	376788379679996
376788363145496	376788434339250	376788410534872
376788407516747	376788451005938	376788441620663
376788428287580	376788484339590	376788473782622
376788457388788	376788517672758	376788507243913
376788489020622	376788551006142	376788541148830
376788520311538	376788601006267	376788575651580
376788555163288	376788634339673	376788611082580
376788590163330	376788667673083	376788647451247
376788626037705	376788701006488	376788683600413
376788661591538	376788734339944	376788720269705
376788698593038	376788767673538	376788756636163
376788734144455	376788817673228	376788793606330
376788770014122	376788851006803	376788831232038
376788809818330	376788884340211	376788869952538
376788844085872	376788934340326	376788911387747
376788882610830	376788967673740	376788953958622
376788925801455	376789017673831	376788998263747
376788967673788	376789067673785	376789042921747
376789011835330	376789101007169	376789087622788
376789057890247	376789151007471	376789132503789
376789101914539	376789201007547	376789178403955
376789147364289	376789251007657	376789225564622
376789191609247	376789284341516	376789272051372
376789238827122	376789334341313	376789319539747
376789284517872	376789384341120	376789366209455
376789332254122	376789434341308	376789412995664
376789379101414	376789484341484	376789459205539
376789430630330	376789517674711	376789505894789
376789473788080	376789567674826	376789552718247
376789518736247	376789617675538	376789601543289
376789566919705	376789667675198	376789647699830
376794154950874	376794267684847	376794250440624
376794185975958	376794351018601	376794328134916
