33333333
0	0	0
0	0	0
0	0	0
0	0	0
0	0	0
0	0	0
0	0	0
0	0	0
0	0	0
0	0	0
0	0	0
0	0	0
0	0	0
0	0	0
0	0	0
0	0	0
0	0	0
0	0	0
0	0	0
0	0	0
0	0	0
0	0	0
0	0	0
0	0	0
0	0	0
0	0	0
0	0	0
0	0	0
0	0	0
0	0	0
0	0	0
0	0	0
0	0	0
0	0	0
0	0	0
0	0	0
0	0	0
0	0	0
0	0	0
0	0	0
0	0	0
0	0	0
0	0	0
0	0	0
0	0	0
0	0	0
0	0	0
0	0	0
0	0	0
0	0	0
0	0	0
0	0	0
0	0	0
0	0	0
0	0	0
0	0	0
0	0	0
0	0	0
0	0	0
0	0	0
0	0	0
0	0	0
0	0	0
0	0	0
0	0	0
0	0	0
0	0	0
0	0	0
0	0	0
0	0	0
0	0	0
0	0	0
0	0	0
0	0	0
0	0	0
0	0	0
0	0	0
0	0	0
0	0	0
0	0	0
0	0	0
0	0	0
0	0	0
0	0	0
0	0	0
0	0	0
0	0	0
0	0	0
0	0	0
0	0	0
0	0	0
0	0	0
0	0	0
0	0	0
0	0	0
0	0	0
0	0	0
0	0	0
0	0	0
0	0	0
388897985260437	388898043652943	388898022023646
388898053426021	388898110319622	388898091458063
388902825743815	388902943663196	388902929397815
388902851814648	388902993663442	388902969220107
388907332642109	388907443673025	388907431979775
388907354619442	388907493673635	388907472576400
388907452217275	388907527006377	388907513459192
388907540568859	388907593673159	388907576402484
388907562618650	388907643673282	388907620084567
388907598727150	388907677006825	388907664220109
388907640427150	388907727006739	388907708875275
388907686609109	388907777007053	388907754185442
388907726952484	388907810340456	388907799601900
388907863713859	388907927007395	388907904108526
388907884756234	388907960340757	388907948753234
388907924439067	388908010340892	388907993588067
388907969602026	388908060340967	388908037447151
388908013509567	388908093674396	388908080748609
388908057842192	388908143674510	388908122279359
388908099581609	388908177007927	388908163356526
388908146448651	388908227007840	388908204124067
388908187457692	388908260341414	388908244628567
388908224103984	388908310341899	388908285381401
388908262574984	388908343674793	388908326517151
388908303765692	388908377008182	388908367260442
388908344375692	388908427008436	388908408329651
388908385553859	388908460341833	388908448203859
