33333333
388929047437869	388929143719554	388929121786827
388929093307202	388929177052839	388929167715827
388929139628202	388929227053089	388929212391077
388929188607911	388929277053125	388929254440036
388929231195994	388929310386564	388929295257452
388929274722577	388929360386671	388929335703077
388929315384369	388929393719906	388929375997327
388929356513827	388929427053459	388929416920411
388929406927619	388929477053601	388929457669786
388929440499161	388929510387149	388929498509369
388929480481952	388929560386954	388929538821869
388929518638369	388929593720503	388929579594994
388929557725911	388929643720464	388929620551869
388929598034786	388929677054069	388929661180494
388929638934411	388929727053984	388929704144078
388929681057453	388929760387769	388929748703786
388929722618578	388929810387631	388929793558411
388929767715661	388929860387763	388929840299328
388929812995619	388929910387870	388929886235203
388929859222161	388929943721095	388929932919328
388929903644286	388929993721213	388929980201411
388929950472744	388930043721310	388930027421619
388929998291869	388930093721568	388930073950494
388930047864786	388930143721729	388930122482744
388930093684078	388930193721816	388930173508036
388930141831453	388930243722076	388930227932036
388930192158161	388930293722270	388930281178786
388930246298953	388930360388688	388930335673995
388930299508286	388930410388786	388930392588995
388930356958828	388930477055766	388930452096536
388930414585953	388930527055911	388930512278703
388930470449078	388930593723073	388930571664370
388930533071995	388930643722755	388930631679703
388930592260495	388930710389738	388930691152536
388930651125953	388930760389591	388930751023911
388930712238661	388930827056645	388930812602411
388930772145620	388930893723357	388930875305828
388930832832495	388930960390000	388930939397495
388930896762536	388931027056744	388931002115412
388931029997412	388931110390475	388931087000537
388931049908287	388931160390883	388931150101120
388931107697912	388931227057358	388931214567078
388931170163037	388931293724176	388931276974162
388931233507995	388931360390974	388931336905412
388931296915412	388931410391322	388931396787495
388931357947537	388931477057884	388931456193162
388931415809662	388931527057784	388931515862162
388931475967328	388931593724695	388931576089578
388931534940995	388931660391640	388931635886079
388931597498828	388931710391889	388931693246954
388931655927079	388931760391811	388931748234120
388931713398162	388931827058643	388931801653662
388931766521037	388931877058736	388931854896454
388931822521870	388931927058867	388931905217829
388931875253954	388931977058940	388931953203995
388931926709870	388932010392897	388932001394787
388931973475454	388932060392489	388932048362204
388932021628787	388932110392548	388932095283412
388932068427245	388932160392676	388932141848329
388932113487787	388932210392635	388932188214037
388932162634829	388932243726177	388932234464704
388932206400329	388932293726306	388932279074412
388932253351537	388932343726286	388932321665871
388932297841162	388932377059854	388932362595329
388932340325871	388932427060207	388932403309454
388932382407704	388932460393577	388932444187704
388932424828162	388932493726587	388932484356037
388932467067537	388932543726830	388932524929662
388932511252121	388932577060262	388932565595454
388932561816871	388932627060351	388932606495162
388932588439746	388932660393774	388932646842537
388932625868537	388932710393725	388932687766829
388932665195412	388932743727831	388932729324287
388932706422579	388932793727241	388932772215996
388932748411787	388932827060765	388932816244579
388932791131454	388932877060760	388932861508454
388932835741037	388932927061692	388932908815162
388932882764871	388932977060975	388932954978912
388932928855246	388933027061234	388933002315746
388932973459787	388933060394473	388933049151329
388933021051204	388933110394889	388933096295038
388933067775288	388933160394862	388933143526788
388933117150121	388933210394929	388933194419288
388933166363121	388933260395043	388933247408246
388933218431579	388933327061884	388933301923579
388933266411538	388933377062181	388933356187121
388933320748413	388933427062561	388933412177913
388933378090871	388933493728742	388933469763121
388933434193704	388933543728840	388933529355163
388933489960704	388933610395806	388933588923288
388933549980621	388933660395902	388933648844246
388933608082288	388933727062544	388933707740330
388933667983288	388933777062902	388933768121496
388933727764663	388933843729775	388933827536705
388933787578413	388933910396459	388933889789330
388933846947330	388933977063266	388933952638455
388933910882246	388934027063378	388934016268288
388933971803538	388934093730538	388934078928038
388934095693830	388934177063521	388934152971538
388934118834288	388934227063853	388934217155455
388934175097913	388934293730563	388934280459830
388934236447871	388934360397568	388934342691913
388934298477205	388934427064232	388934402450330
388934361478705	388934477064321	388934462669080
388934421350997	388934543731120	388934522400580
388934481989538	388934593731398	388934582254955
388934540529163	388934660398076	388934642199622
388934601226372	388934710398358	388934701458330
388934660567663	388934777064983	388934757477372
388934722239413	388934827065370	388934811665747
388934775841997	388934877065207	388934865115372
388934830197830	388934943731830	388934918767038
388934883599330	388934993732280	388934968409163
388934936974288	388935027065357	388935015861747
388934987587247	388935077065624	388935063496205
388935036776830	388935127065587	388935109736164
388935083273955	388935177066121	388935156978247
388935129763497	388935227065780	388935203267705
388935178952372	388935260399179	388935250595664
388935225697039	388935310399662	388935296186330
388935270833872	388935360399702	388935340407080
388935318341039	388935393732990	388935382345789
388935360241414	388935443732895	388935423107914
388935401105455	388935477066453	388935463870580
388935442527997	388935527066406	388935504439622
388935484204997	9223372036854775807	388935544520205
388935526049997	9223372036854775807	9223372036854775807
