33333333
395496209534792	395496341142308	395496330247209
395496282521709	395496424475817	395496400388251
395496349442084	395496491142490	395496470573459
395496420889251	395496557809436	395496540691042
395496494767251	395496624476288	395496610873501
395496563385709	395496691142921	395496681021084
395496631227626	395496774476577	395496751121542
395496700627709	395496841143424	395496821300917
395496774631084	395496907810170	395496891473042
395496843855751	395496974477001	395496961648417
395496914209501	395497041143645	395497031847626
395496986888167	395497124477327	395497102026709
395497054221292	395497191143925	395497172251209
395497124487126	395497257811021	395497242442001
395497195234334	395497324477717	395497312619168
395497265150626	395497407811293	395497382834709
395497332451334	395497474478063	395497453026834
395497407516543	395497541144738	395497522698084
395497563509709	395497641144929	395497628323834
395497586298043	395497707811884	395497698069918
395497648057668	395497791145453	395497768218459
395497716735918	395497857812106	395497838389418
395497787778959	395497924479051	395497908479418
395497857135168	395497991145842	395497978648168
395497929227293	395498057812431	395498048878210
395498003683543	395498141146211	395498119072585
395498070571085	395498207813038	395498189281460
395498138569793	395498274479627	395498259540001
395498209302210	395498341146614	395498329694626
395498280373210	395498424479959	395498399896126
395498351882710	395498491146950	395498469979418
395498419714460	395498557813838	395498540216502
395498490462210	395498624480390	395498610315168
395498561469210	395498691147544	395498680500668
395498634149377	395498774481218	395498750645377
395498699552960	395498841147535	395498820843627
395498773983835	395498907814476	395498890900627
395498842251627	395498974481349	395498961135627
395498913574335	395499041147977	395499031390335
395498986463627	395499124481651	395499101694210
395499096419002	395499191148258	395499171297418
395499121105210	395499257815401	395499241496544
395499192922794	395499324481870	395499311638627
395499263449252	395499391148850	395499381938294
395499331694210	395499474482396	395499452115752
395499404123294	395499541149187	395499522142544
395499472082252	395499607815854	395499592264252
395499542288210	395499674482789	395499662472627
395499611639335	395499757816324	395499732645794
395499684719169	395499824483123	395499802849460
395499753461794	395499891149930	395499872972294
395499822612294	395499957816756	395499943133627
395499893672669	395500024483550	395500013402669
395499963757794	395500107817434	395500083493336
395500040560794	395500174483975	395500153655294
395500104690627	395500241150666	395500223837419
395500175397336	395500307817476	395500294020877
395500245262502	395500374484276	395500364228877
395500314925836	395500457817807	395500434542752
395500386182294	395500524484601	395500504694086
395500463684669	395500591151262	395500574932044
395500526016294	395500657818422	395500644829461
395500645852044	395500724485068	395500714838294
395500664981294	395500807818436	395500784992086
395500735592169	395500874485875	395500855137211
395500809419128	395500941152361	395500925315294
395500875832836	395501007818852	395500995515211
395500945588419	395501091152352	395501065759544
395501016085961	395501157819145	395501135889044
395501088160628	395501224486127	395501206112086
395501156163253	395501291152768	395501276234378
395501227615544	395501357819591	395501346420878
395501298396086	395501441153256	395501416540628
395501366894795	395501507820106	395501486707711
395501440133045	395501574486825	395501556899045
395501507790378	395501641153527	395501627103211
395501579935253	395501707820886	395501697311086
395501650328003	395501791154020	395501767457295
395501719408711	395501857820666	395501837632628
395501790661170	395501924487794	395501907785295
395501856928961	395501991154304	395501977969670
395501927134920	395502057821426	395502048283962
395502001934128	395502141154751	395502118434962
395502071397045	395502207821613	395502188689212
395502179762878	395502274488410	395502258361045
395502213189420	395502341155026	395502328512545
395502281298920	395502407822138	395502398628462
395502348872128	395502491155545	395502468838212
395502418298878	395502557822550	395502538957628
395502490264962	395502624489098	395502609076462
395502558915420	395502691155920	395502679245587
395502628977795	395502774489449	395502749428712
395502700369045	395502841156259	395502819602254
395502769647587	395502907823052	395502889737962
395502839511129	395502974489873	395502959900045
395502909559545	395503041156540	395503030084170
395502982301920	395503124490066	395503100232754
395503052107129	395503191157056	395503170400920
395503120635004	395503257823627	395503240540629
395503189746212	395503324490485	395503310769212
395503261008212	395503391157433	395503380937754
395503331292670	395503474490788	395503451115796
395503400898171	395503541157766	395503521285462
395503471109587	395503607825040	395503591534754
395503547928754	395503674491226	395503661756962
395503615638504	395503757824919	395503731918296
395503714901129	395503824491830	395503801681129
395503757318546	395503891158530	395503871874337
395503821464962	395503957825296	395503942096796
395503893704379	395504024492113	395504012280337
395503963288046	395504107826053	395504082464546
395504036216337	395504174492481	395504152594129
395504102413671	395504241159277	395504222756088
395504172102754	395504307826236	395504292883421
395504242673629	395504374492880	395504363072254
395504313030879	395504457826220	395504433295213
395504384215046	395504524493271	395504503430879
395504453701421	395504591160024	395504573570296
395504523651546	395504657826664	395504643737546
395504593894338	395504724493474	395504713920004
395504666404671	395504807827309	395504784206880
395504734019629	395504874493820	395504854225171
395504804872338	395504941160770	395504924397338
395504874058338	395505007827740	395504994550213
395504944871255	395505091160948	395505064815380
395505014335463	9223372036854775807	395505135733963
395505090492505	9223372036854775807	9223372036854775807
