33333333
0	0	0
0	0	0
0	0	0
0	0	0
0	0	0
0	0	0
0	0	0
0	0	0
0	0	0
0	0	0
0	0	0
0	0	0
0	0	0
0	0	0
0	0	0
0	0	0
0	0	0
0	0	0
0	0	0
0	0	0
0	0	0
0	0	0
0	0	0
0	0	0
0	0	0
0	0	0
0	0	0
0	0	0
0	0	0
0	0	0
0	0	0
0	0	0
0	0	0
0	0	0
0	0	0
0	0	0
0	0	0
0	0	0
0	0	0
0	0	0
0	0	0
0	0	0
0	0	0
0	0	0
0	0	0
0	0	0
0	0	0
0	0	0
0	0	0
0	0	0
0	0	0
0	0	0
0	0	0
0	0	0
0	0	0
0	0	0
0	0	0
0	0	0
0	0	0
0	0	0
0	0	0
0	0	0
0	0	0
0	0	0
0	0	0
0	0	0
0	0	0
0	0	0
0	0	0
0	0	0
0	0	0
0	0	0
0	0	0
0	0	0
0	0	0
0	0	0
0	0	0
0	0	0
0	0	0
0	0	0
0	0	0
0	0	0
0	0	0
0	0	0
0	0	0
0	0	0
0	0	0
0	0	0
0	0	0
0	0	0
0	0	0
0	0	0
0	0	0
0	0	0
0	0	0
0	0	0
0	0	0
0	0	0
0	0	0
0	0	0
0	0	0
0	0	0
0	0	0
0	0	0
0	0	0
0	0	0
0	0	0
395465737469194	395465824410418	395465810168069
395465789381736	395465891076850	395465874793486
395472415992947	395472574424526	395472557160322
395472443544114	395472641091482	395472626338906
395476948913991	395477124434247	395477108687116
395476973620658	395477207767791	395477187165408
395477132204825	395477274434928	395477257292408
395477242505783	395477341101408	395477327462033
395477278322366	395477407768380	395477397665200
395477347832158	395477491101694	395477467209325
395477483549533	395477557768670	395477548612867
395477503720200	395477641102378	395477618265117
395477567213075	395477707769028	395477688441158
395477639498158	395477774436293	395477758523408
395477709469158	395477841102507	395477828673617
395477777826408	395477907769408	395477898814742
395477851941908	395477991102955	395477968973575
395477917506825	395478057769574	395478039102283
395477986993575	395478124436399	395478109255992
395478059609658	9223372036854775807	9223372036854775807
