33333333
377045902606786	377046234892339	377046213294244
377046061695078	377046418225891	377046401833703
377046235472703	377046618226876	377046591718036
377046425129286	377046801560200	377046788519411
377046613380995	377047001560649	377046989496495
377046811054036	377047218227766	377047193167537
377047012370870	377047401561503	377047386202787
377047215630537	377047601561768	377047576746662
377047410604995	377047768228929	377047749577287
377047598895578	377047918229271	377047904727037
377047769222537	377048068229641	377048052400912
377047928347454	377048218230060	377048191650120
377048073530620	377048334896689	377048315305870
377048225612120	377048451563610	377048439607995
377048336609787	377048584897562	377048563400496
377048459217746	377048718230991	377048700570662
377048584219954	377048868231323	377048847658996
377048720570996	377049018232047	377048994022954
377048866906912	377049184898505	377049160791288
377049014829954	377049351565700	377049335280454
377049181323121	377049551566042	377049524955663
377049355478329	377049734899650	377049716776829
377049544623996	377049934900285	377049917529038
377049750739288	377050134900702	377050119572788
377049937773121	377050334901111	377050312984621
377050139037038	377050518234689	377050503035538
377050332716413	377050701568425	377050682143247
377050525654746	377050868235440	377050849865497
377050700913872	377051018235868	377050996130955
377050869422705	377051168236209	377051143606455
377051015177955	377051284903199	377051270075747
377051161842288	377051418236793	377051394081789
377051290240539	377051534903667	377051520209247
377051416077914	377051668237102	377051645767622
377051540227539	377051801570917	377051790571664
377051665578955	377051951571262	377051937929080
377051810043247	377052101571600	377052084288039
377051957149747	377052268238591	377052255769164
377052102768706	377052451572177	377052436847289
377052274142247	377052651572778	377052625715331
377052460357664	377052834906369	377052816550498
377052646232414	377053034906897	377053019767664
377052835489456	377053234907358	377053223214206
377053041299623	377053434907831	377053415220331
377053245443164	377053618241370	377053605719331
377053440688123	377053801575233	377053778827123
377053625448290	377053951575418	377053935352081
377053798826581	377054101576232	377054081450998
377053954666831	377054234909316	377054222464707
377054100989165	377054368243089	377054346465332
377054246033832	377054484909873	377054470865498
377054368184165	377054618243672	377054594417873
377054493178457	377054751577263	377054725179915
377054614518415	377054884910874	377054871319749
377054744379832	377055034911222	377055017820124
377054891754707	377055184911353	377055172119624
377055039688832	377055368245082	377055344781915
377055194402124	377055551578988	377055530687707
377055367061707	377055734912691	377055720758166
377055549957999	377055934913162	377055915020499
377055741564416	377056134913419	377056117308916
377055938305916	377056334913850	377056316815708
377056139570166	377056518247733	377056506806999
377056337011833	377056718248071	377056693064499
377056526076833	377056884915052	377056865195875
377056712620333	377057034915750	377057009960000
377056888912666	377057168249156	377057157013833
377057030666250	377057318249246	377057292098666
377057177454916	377057434916206	377057415502708
377057315737958	377057551583297	377057538442083
377057437566708	377057684916729	377057663645042
377057557813000	377057801583662	377057789069250
377057682246375	377057951584121	377057933428125
377057811191542	377058101584490	377058080815542
377057955733792	377058251584796	377058226948083
377058103119958	377058418251969	377058398779750
377058248470250	377058601585835	377058577699209
377058423743667	377058784919438	377058767304459
377058598112167	377058984919853	377058959765417
377058787054209	377059184919971	377059164651667
377058982426959	377059384920389	377059364245584
377059187808959	377059568254387	377059553574167
377059384645251	377059751587841	377059737921876
377059575173001	377059934921586	377059910075126
377059757236834	377060068255153	377060057028043
377059933155209	377060218255803	377060204137709
377060080250626	377060351589630	377060335207168
377060225307709	377060484922903	377060460177751
377060354728751	377060601589804	377060582709085
377060481110918	377060718256837	377060706772751
377060603020626	377060851590151	377060829605085
377060726552210	377060984923993	377060970495168
377060851395001	377061134924285	377061117515210
377060991930460	377061284924616	377061262512543
377061139126293	377061451591652	377061433980252
377061284667585	377061634925488	377061610401252
377061460547877	377061818259083	377061800547252
377061633070293	377062018259665	377061992207877
377061823147377	377062218259947	377062195812835
377062011952919	377062418260391	377062395148044
377062217561877	377062601594170	377062585308836
377062416957919	377062784927818	377062773815252
377062608229877	377062968261794	377062945080377
377062793974877	377063101595018	377063089975044
377062965038086	377063251595353	377063236483336
377063110210502	377063384928952	377063370341628
377063257230753	377063518262558	377063493173128
377063398654878	377063634929898	377063616132128
377063515826961	377063751596406	377063738626544
377063637295503	377063884930038	377063863086045
377063760625794	377064018263647	377063995268420
377063884629045	377064151597279	377064141393461
377064016052920	377064301597570	377064287843836
377064163213086	377064468264635	377064443353586
377064310394545	377064634931793	377064615510837
377064464397961	377064818265405	377064802887462
377064636404670	377065018265788	377064992228337
377064823360295	377065201599681	377065187920503
377065018277962	377065401599897	377065391231170
377065210750878	377065601600492	377065582525629
377065412061004	377065784934108	377065772309379
377065604577295	377065968268000	377065944385379
377065794815962	377066118268305	377066093827962
377065964182754	377066268268648	377066241520129
377066113536212	377066401602090	377066381170587
377066263905629	9223372036854775807	377066504688712
377066401592796	9223372036854775807	9223372036854775807
