33333333
376973817324127	376974051404117	376974035018043
376973928954835	376974184737559	376974165163877
376974047134293	376974334738062	376974309285127
376974179073085	376974468071776	376974453480252
376974325526335	376974618071994	376974603269377
376974466029252	376974768072173	376974749942960
376974616816585	376974918073198	376974900144710
376974763399877	376975068073007	376975046569336
376974913230252	376975218073270	376975196717294
376975060402669	376975351406734	376975338813252
376975208653961	376975501407688	376975482694086
376975353005544	376975618074167	376975597729377
376975495135211	376975734741078	376975714240419
376975610121836	376975834741327	376975819842919
376975727399336	376975934741489	376975916694461
376975834357503	376976018075022	376976007301503
376975927932628	376976118075210	376976100138461
376976020807461	376976201408598	376976185861003
376976117665419	376976284742090	376976274340503
376976223947586	376976384742436	376976363857961
376976288669878	376976468075953	376976450382836
376976379237628	376976568076212	376976544277461
376976462289961	376976651409684	376976635127878
376976556520295	376976751409939	376976731748920
376976647644670	376976851409993	376976835997961
376976744666295	376976968077181	376976951790586
376976847483961	376977084743803	376977063964461
376976962879336	376977218077408	376977191312295
376977075516295	376977351411191	376977331368087
376977207078462	376977501411425	376977477105337
376977343897545	376977634744987	376977623396128
376977491567795	376977784745299	376977773043378
376977639274212	376977934745851	376977919050712
376977789707795	376978084746131	376978070412170
376977932228670	376978234746430	376978214596712
376978082758045	376978384746568	376978361803629
376978227464379	376978518080385	376978502363295
376978377140587	376978651413915	376978628190379
376978514342087	376978751414224	376978739465212
376978640579004	376978868081144	376978851940962
376978752154337	376978968081353	376978946044962
376978865854546	376979068081552	376979041273754
376978958589254	376979151415079	376979129662046
376979055223504	376979234748734	376979220168962
376979143136004	376979318081915	376979304117879
376979236475087	376979418082144	376979393785754
376979315805004	376979501415806	376979480823629
376979405972379	376979601416083	376979575296129
376979497034629	376979684749569	376979670799296
376979588942129	376979784749598	376979765668463
376979683021879	376979901416674	376979876502629
376979777475379	376980001416746	376979988247005
376979889387296	376980118083781	376980105058921
376980000590588	376980251417427	376980231228255
376980117538713	376980401417743	376980374661921
376980243264630	376980534751152	376980517683963
376980389408796	376980684751528	376980669152797
376980531520130	376980834751878	376980815288713
376980682026297	376980984752479	376980965468505
376980831137338	376981134752664	376981117151213
376980978634505	376981284752928	376981261667713
376981131091463	376981434753810	376981412691380
376981275455130	376981568086857	376981553679714
376981427316422	376981718087219	376981692871797
376981566747922	376981818087456	376981805339630
376981707835047	376981934754381	376981921805505
376981821532297	376982051421477	376982030133255
376981934037839	376982134754784	376982121066922
376982042561756	376982234754830	376982216333464
376982134484881	376982318088533	376982304082131
376982228433672	376982418088712	376982393674131
376982323482881	376982501422077	376982484150756
376982409303589	376982601422479	376982575671172
376982497305422	376982684755937	376982666342714
376982587941672	376982784756334	376982761465256
376982677693881	376982884756996	376982860775298
376982775839631	376982984756623	376982973010339
376982874661131	376983101423523	376983085149756
376982985918339	376983218090475	376983202062756
376983097314006	376983351424080	376983334090423
376983213819464	376983501424398	376983478488048
376983346450548	376983634758381	376983623225923
376983490546506	376983784758173	376983773650340
376983635447006	376983934758511	376983919854006
376983789032215	376984084758976	376984070375090
376983934337465	376984234759122	376984215970340
376984082816756	376984384759649	376984366453298
376984229467882	376984534759989	376984511470215
376984379209298	376984668093562	376984657183090
376984524162923	376984801427181	376984790076215
376984669516757	376984918094617	376984907037965
376984802621382	376985034761298	376985017401799
376984919353965	376985134761118	376985123294340
376985031054507	376985234761843	376985214089424
376985135634549	376985334761685	376985309635840
376985227012965	376985418095007	376985396327840
376985325792174	376985501428524	376985485934299
376985407928007	376985584762201	376985571388299
376985497389132	376985684762428	376985662877299
376985583463757	376985768095957	376985748661091
377033645845822	377033884865842	377033864452114
377033674828572	377034001532769	377033987437530
377035830499531	377036018203734	377035993001615
377035854405573	377036134870672	377036115527781
377036015483823	377036251537570	377036234575865
377036135336781	377036368204646	377036352930031
377036251670365	377036484871219	377036471184073
377036370902365	377036601538335	377036583549490
377036491578740	377036701538532	377036689311948
377036603848073	377036818205301	377036793170698
377036711391323	377036918205710	377036895797782
377036813425615	377037018205756	377036997921365
377036915591740	377037118205982	377037100244365
377037017308532	377037218206303	377037202810157
377037119031448	377037334873261	377037319681907
377037222227198	377037468206680	377037442429657
377037339157365	377037584873763	377037567020240
377037459992407	377037701540361	377037690010990
377038366129199	377038501542376	377038478538949
377038394306157	377038618209553	377038602524991
377038499273657	377038751542785	377038727096116
377038622902782	377038884876377	377038862060241
377038751586991	377039018210030	377039005143574
377038884692283	377039168210545	377039149593908
377039025000491	377039301544490	377039282384741
377039171014324	377039418211028	377039406158825
377039302400949	377039551544505	377039529081741
