33333333
0	0	0
0	0	0
0	0	0
0	0	0
0	0	0
0	0	0
0	0	0
0	0	0
0	0	0
0	0	0
0	0	0
0	0	0
0	0	0
0	0	0
0	0	0
0	0	0
0	0	0
0	0	0
0	0	0
0	0	0
0	0	0
0	0	0
0	0	0
0	0	0
0	0	0
0	0	0
0	0	0
0	0	0
0	0	0
0	0	0
0	0	0
0	0	0
0	0	0
0	0	0
0	0	0
0	0	0
0	0	0
0	0	0
0	0	0
0	0	0
0	0	0
0	0	0
0	0	0
0	0	0
0	0	0
0	0	0
0	0	0
0	0	0
0	0	0
0	0	0
0	0	0
0	0	0
0	0	0
0	0	0
0	0	0
0	0	0
0	0	0
0	0	0
0	0	0
0	0	0
0	0	0
0	0	0
0	0	0
0	0	0
0	0	0
0	0	0
0	0	0
0	0	0
0	0	0
0	0	0
0	0	0
0	0	0
0	0	0
0	0	0
0	0	0
0	0	0
0	0	0
0	0	0
0	0	0
0	0	0
0	0	0
0	0	0
0	0	0
0	0	0
0	0	0
0	0	0
0	0	0
0	0	0
0	0	0
0	0	0
0	0	0
0	0	0
0	0	0
0	0	0
0	0	0
0	0	0
0	0	0
0	0	0
0	0	0
0	0	0
0	0	0
0	0	0
0	0	0
0	0	0
388348004739175	388348059140025	388348041582342
388348073350134	388348125806106	388348111000092
388353591356886	388353692484795	388353673217595
388353618244720	388353759151628	388353739466095
388358147419430	388358275828139	388358246524597
388358175640638	388358342494791	388358327036430
388358269142847	388358392495222	388358368550680
388358348126722	388358425828485	388358410722930
388358416770347	388358475828720	388358455660222
388358438628597	388358525828668	388358499672555
388358475011680	388358559161924	388358549151805
388358527183055	388358609162162	388358594837055
388358662065764	388358725829109	388358702575555
388358680270722	388358759162512	388358747491847
388358720732972	388358809162607	388358792163847
388358765903514	388358859163208	388358836476347
388358814420014	388358892495974	388358879758055
388358855278180	388358942496258	388358922446597
388358898126972	388358975829711	388358963418389
388358941220972	388359025829753	388359004514472
388358982505847	388359059163160	388359044807722
388359024983472	388359109163241	388359085370722
388359065554847	388359142496648	388359125658222
