33333333
388380021601232	388380109208228	388380095649691
388380067795232	388380159208835	388380139996732
388380115104941	388380209208560	388380183256357
388380177497316	388380242541909	388380224166774
388380227314274	388380275875341	388380264921524
388380277343357	388380325875432	388380312086857
388380298251149	388380375875402	388380352529732
388380338031274	388380409208770	388380392298607
388380377499232	388380442542370	388380432756441
388380416980441	388380492542467	388380473276774
388380454371566	388380525875876	388380514460066
388380493949191	388380575875995	388380555016149
388380532559732	388380609209392	388380596203066
388380573380691	388380659209485	388380638280482
388380616357274	388380692542903	388380683337441
388380657378316	388380742542843	388380728068441
388380704108399	388380792542960	388380774007066
388380747461232	388380842543230	388380821439441
388380793264983	388380892543176	388380867556733
388380841415733	388380925876745	388380914604899
388380885693816	388380975876682	388380962547941
388380935592191	388381025877101	388381009540608
388380981321691	388381075877478	388381058001733
388381028429316	388381125877156	388381107945691
388381077121608	388381175877313	388381160976774
388381126614358	388381225877892	388381215280691
388381181248483	388381292544025	388381269108691
388381239151399	388381342544131	388381325715358
388381288277691	388381409210954	388381384814149
388381345736066	388381459211068	388381444562733
388381404205733	388381525877861	388381504262566
388381466991608	388381575878110	388381563483650
388381524238316	388381642544730	388381622309316
388381582575566	388381692545012	388381683054233
388381643083025	388381759211692	388381744723233
388381703996650	388381825878521	388381807511108
388381763007441	388381892545558	388381870828358
388381829732983	388381959212284	388381934372566
388381890693566	388382009212425	388381996957400
388381996696066	388382075879066	388382059685233
388382017436025	388382142546080	388382122933733
388382080662525	388382209212956	388382187521108
388382142433816	388382259212721	388382249847108
388382210121358	388382325879587	388382309858942
388382271287483	388382392546387	388382369775275
388382330121067	388382442546686	388382429269317
388382389390150	388382509213470	388382489034067
388382449206525	388382559213580	388382549318150
388382507517233	388382625880456	388382609098067
388382568774442	388382675880313	388382665547608
388382629142275	388382742547287	388382720374608
388382684460817	388382792547396	388382774346525
388382739540483	388382842547506	388382827694692
388382794668900	388382892547814	388382878021525
388382847394525	388382942547573	388382926269984
388382897399275	388382992547784	388382974172900
388382944737067	388383042547945	388383021123567
388382993582734	388383092547855	388383067944525
388383040611192	388383125881459	388383114723442
388383086608109	388383175881369	388383162027067
388383133248567	388383225881620	388383207280400
388383180316942	388383275881791	388383251882234
388383228147859	388383309215178	388383294545734
388383271398692	388383359215273	388383335540817
388383315134442	388383392548511	388383376267525
388383356675359	388383442548810	388383417069442
388383396268150	388383475882059	388383457558484
388383444848400	388383509215759	388383498372942
388383482567775	388383559216236	388383538908567
388383518048942	388383592549100	388383579825317
388383558495109	388383642549228	388383620365984
388383600199109	388383675882575	388383661215776
388383639456859	388383725882750	388383702762067
388383681151609	388383759216156	388383745346984
388383721681234	388383809216360	388383790037067
388383765127942	388383859216891	388383835566317
388383808516984	388383892549803	388383882932984
388383853418734	388383942549878	388383929324817
388383904853567	388383992550208	388383976236401
388383948153401	388384042550108	388384023205109
388383996970776	388384092550642	388384070587942
388384043086359	388384142550402	388384117901776
388384089371901	388384192550388	388384167649901
388384135582359	388384242550504	388384219686567
388384185243401	388384292550646	388384274567693
388384240172276	388384342550555	388384328654818
388384296876401	388384409217378	388384383745609
388384347507568	388384459217629	388384441378109
388384402221734	388384525884446	388384500853234
388384459885651	388384575884563	388384560985318
388384521966401	388384642551390	388384620364609
388384581115734	388384692551574	388384679887234
388384639113484	388384759218232	388384739871776
388384702919276	388384825885298	388384800687068
388384761331776	388384875885346	388384863087151
388384819475234	388384942552006	388384927894068
388384884286318	388385009218792	388384991102443
388384951053985	388385075885448	388385054011193
388385063497610	388385142552426	388385121084235
388385081980735	388385209219289	388385184993318
388385140066735	388385259219640	388385247663943
388385208344568	388385325886159	388385309570443
388385267298568	388385392552976	388385370187860
388385329048485	388385442553117	388385430045401
388385389525901	388385509219888	388385490486818
388385450581985	388385559219834	388385550059485
388385510688110	388385625887135	388385610687860
388385570367818	388385692553610	388385669501735
388385630863943	388385742553691	388385726300443
388385689233027	388385792553847	388385779805360
388385746665485	388385859220656	388385834314693
388385801352360	388385909220747	388385886200110
388385855352318	388385959220837	388385936493277
388385906781610	388386009221186	388385983777110
388385957127652	388386042554214	388386031068027
388386004447527	388386092554475	388386078222277
388386051212027	388386142554740	388386125705652
388386097912693	388386192554666	388386172554277
388386146353860	388386242554797	388386219775902
388386191131818	388386275888208	388386264769277
388386239156527	388386325888474	388386309580568
388386283619443	388386375888593	388386351842444
388386328976943	388386409221838	388386392991402
388386370424027	388386442555067	388386433719944
388386412247860	388386492555319	388386474901569
388386453916152	9223372036854775807	388386514860819
388386500734194	9223372036854775807	9223372036854775807
