33333333
0	0	0
0	0	0
0	0	0
0	0	0
0	0	0
0	0	0
0	0	0
0	0	0
0	0	0
0	0	0
0	0	0
0	0	0
0	0	0
0	0	0
0	0	0
0	0	0
0	0	0
0	0	0
0	0	0
0	0	0
0	0	0
0	0	0
0	0	0
0	0	0
0	0	0
0	0	0
0	0	0
0	0	0
0	0	0
0	0	0
0	0	0
0	0	0
0	0	0
0	0	0
0	0	0
0	0	0
0	0	0
0	0	0
0	0	0
0	0	0
0	0	0
0	0	0
0	0	0
0	0	0
0	0	0
0	0	0
0	0	0
0	0	0
0	0	0
0	0	0
0	0	0
0	0	0
0	0	0
0	0	0
0	0	0
0	0	0
0	0	0
0	0	0
0	0	0
0	0	0
0	0	0
0	0	0
0	0	0
0	0	0
0	0	0
0	0	0
0	0	0
0	0	0
0	0	0
0	0	0
0	0	0
0	0	0
0	0	0
0	0	0
0	0	0
0	0	0
0	0	0
0	0	0
0	0	0
0	0	0
395546353856024	395546441249779	395546425942066
395546408636441	395546507916652	395546489961733
395557699356946	395557741273874	395557715837780
395557719057863	395557774607314	395557754097446
395557736666363	395557807940697	395557786871113
395557757710738	395557841274071	395557823477113
395557790817155	395557857940976	395557837318738
395557827433696	395557874607518	395557853402655
395557841892571	395557891274396	395557868863988
395557857507780	395557907941103	395557886912363
395557872366113	395557924607619	395557902195988
395557890983821	395557941274332	395557920319988
395557906124655	395557957941190	395557935646072
395557924398947	395557974607877	395557953624655
395557939783363	395557991274586	395557968845030
395557957599072	395558007941140	395557986906738
395557973286697	395558024607986	395558002261822
395557991016988	395558041274689	395558020259863
395558006206572	395558057941388	395558035814988
395558023798447	395558074608233	395558053737947
395558039395738	395558091274756	395558069249697
395558057415488	395558107941703	395558087143155
395558073939905	395558124608223	395558102364863
395558215420822	395558257941822	395558220413363
395558233085863	395558274608519	395558243753113
395558252849447	395558291275258	395558270250280
395558269659780	395558307941939	395558286889405
395558286718988	395558324608477	395558303662655
395558302638530	395558341275720	395558320252238
395558317139363	395558357942020	395558336976572
395558333413988	395558374608569	395558353597322
395558349290863	395558391275438	395558369037488
395558367812113	395558407941987	395558386964447
395558384151322	395558424608975	395558403606905
395558399692530	395558441275810	395558419024822
395558418563613	395558457942239	395558436965280
395558433347905	395558474609078	395558452324113
395558452081280	395558491275506	395558470253072
395558467468530	395558507942643	395558485817863
395558485770280	395558524609054	395558503583697
395558500698655	395558541275938	395558519035613
395558516778238	395558557942489	395558536936488
395558534652655	395558574609182	395558552313488
395558552560155	395558591275884	395558570285738
395558565950655	395558607942405	395558585774697
395558586632863	395558624609303	395558603760488
395558601498488	395558641275801	395558620257739
