33333333
395583649426417	395583691329732	395583670346042
395583666748792	395583707996411	395583685782459
395583682641834	395583724663134	395583703693375
395583699138334	395583741329800	395583719106917
395583716486042	395583757996524	395583737001667
395583733201792	395583774663254	395583752455500
395583749788667	395583791330079	395583770337125
395583766693167	395583807996467	395583785795334
395583783143167	395583824663894	395583803648417
395583799744876	395583841330047	395583819122709
395583816601126	395583857996616	395583837052001
395583833167542	395583874663449	395583852396292
395583852374209	395583891330127	395583870414959
395583868174709	395583907996867	395583885791126
395583883213334	395583924663549	395583903701376
395583899708501	395583941330255	395583919138209
395583916599459	395583957996966	395583937004084
395583933367876	395583974663676	395583952471251
395583949606376	395583991330376	395583970400084
395583966448376	395584007996873	395583985783334
395583983119667	395584024663767	395584003655042
395583998892626	395584041330345	395584019117792
395584016649917	395584057997168	395584037002959
395584033159709	395584074663879	395584052451584
395584049986376	395584091330437	395584070374626
395584065844501	395584107997300	395584085789626
395584082452959	395584124663837	395584103663084
395584099178959	395584141330684	395584119198126
395584116639626	395584157997398	395584137009626
395584132654084	395584174664109	395584152421334
395584149415584	395584191330806	395584170361626
395584165883501	395584207997482	395584185762667
395584186633334	395584224664189	395584203681334
395584199685042	395584241330909	395584219124209
395584216623751	395584257997574	395584237012334
395584232509376	395584274664318	395584252477751
395584250744876	395584291331022	395584270456792
395584269166917	395584307997671	395584286966667
395584398534876	395584441331344	395584403616334
395584415869084	395584457998375	395584427048417
395584433090834	395584474665075	395584453680834
395584450307792	395584491331704	395584470305667
395584469877459	395584507998139	395584487029334
395584483142876	395584524664844	395584502464043
395584500292918	395584541331365	395584520415709
395584516470209	395584557998080	395584535772584
395584533209043	395584574664807	395584553742834
395584550051501	395584591331507	395584569109043
395584566490543	395584607998351	395584587007001
395584583332751	395584624665037	395584602446209
395584599859334	395584641331952	395584620330793
395584616642334	395584657998426	395584635778209
395584633189334	395584674665140	395584653654709
395584649794501	395584691332114	395584669084626
395584665758584	395584707998714	395584687003876
395584683531418	395584724665286	395584703666126
395584699794043	395584741332001	395584719141876
395584716633084	395584757998659	395584737088626
395584733266709	395584774665368	395584752456709
395584749931168	395584791332066	395584770307709
395584765701001	395584807999182	395584785799209
395584783089376	395584824665332	395584803702293
395584800427668	395584841332044	395584820395168
395584817607543	395584857998698	395584836997543
395584833327251	395584874665604	395584852483001
395584849081084	395584891332281	395584870351251
395584866681209	395584907998994	395584885881084
395584882965751	395584924665581	395584903763293
395584903397043	395584941332250	395584920399709
395584919280584	395584957999116	395584936982668
395584935467043	395584974665806	395584952738959
395584952106001	395584991332532	395584970340084
395584968719168	395585007999228	395584985792543
395584985030876	395585024665924	395585003649501
395585002035501	395585041332938	395585020362418
395585018209918	395585057999304	395585036984626
395585034261293	395585074666283	395585053671209
395585051390709	395585091332571	395585070346209
395585068132751	395585107999268	395585085706209
395585085831251	395585124666001	395585103679168
395585101677959	395585141332941	395585120365334
395585118488959	395585157999553	395585136986668
395585134131584	395585174666815	395585153714043
395585149187543	395585191332951	395585169114376
395585168671293	395585207999641	395585187025043
395585185641626	395585224666493	395585202433043
395585200051585	395585241333073	395585220340376
395585218279168	395585257999760	395585236986626
395585234142001	395585274666302	395585253667126
395585249616543	395585291332998	395585269147251
395585266214501	395585307999850	395585287008335
395585282913001	395585324666393	395585302415251
395585301441668	395585341333242	395585320402043
395585318042626	395585357999982	395585335799460
395585334185001	395585374666655	395585353729043
395585351343710	395585391333360	395585369094751
395585366046876	395585408000103	395585386992418
395585385360293	395585424666791	395585403648501
395585401924126	395585441333476	395585420319210
395585420713626	395585458000041	395585437024585
395585432387293	395585474666900	395585452489335
395585449818126	395585491333582	395585470329710
395585465914668	395585508000141	395585485935918
395585483584251	395585524666987	395585503684501
395585502167918	395585541333698	395585519091376
395585516714710	395585558000231	395585536978251
395585535322543	395585574667090	395585552411251
395585550095960	395585591333807	395585570345251
395585568886126	395585608000490	395585586965085
395585585925376	395585624667221	395585603649335
395585601068335	395585641333904	395585619181210
395585618701251	395585658000571	395585636994585
395585632603793	395585674667296	395585652453793
395585649348001	395585691334118	395585670310876
395585665823668	395585708000699	395585685778751
395585683497918	395585724667418	395585703633043
395585701619876	395585741334297	395585720317001
395585716587668	395585758000687	395585735747335
395585732537918	395585774667467	395585753660710
395585751114543	395585791334101	395585769113126
395585765964751	395585808000945	395585787025876
395585782949793	395585824667638	395585802477501
395585802287835	395585841334133	395585820363293
395585818256001	395585858001028	395585835901210
395585836831835	395585874667797	395585853730293
395585852623501	9223372036854775807	395585869174418
395585867335168	9223372036854775807	395585887058335
