33333333
343781750515341	343781946859625	343781924144674
343781849242549	343782046859793	343782022462383
343781946717674	343782146860145	343782120719591
343782045079925	343782230193549	343782219045883
343782143626800	343782330194099	343782317350550
343782241801383	343782430193980	343782415698675
343782340398341	343782530194238	343782514138966
343782439395466	343782630194243	343782612510841
343782537396133	343782730194643	343782710825383
343782635614550	343782830194837	343782808972967
343782734465925	343782930195076	343782907142133
343782832431675	343783030195272	343783005380675
343782929698092	343783130195329	343783103721925
343783028085592	343783213528970	343783202061883
343783126462425	343783313529193	343783300345300
343783225125133	343783413529425	343783398507050
343783323278508	343783513529446	343783496797134
343783422553967	343783613529672	343783595085009
343783522398592	343783713530064	343783693367467
343783620236300	343783813530281	343783791659050
343783719104634	343783913530520	343783889940634
343783816049634	343784013531112	343783988205592
343783913291925	343784096864066	343784086591592
343784011842217	343784196864456	343784184941092
343784110566634	343784296864634	343784283239176
343784208675967	343784396864855	343784381505551
343784306982259	343784496865084	343784479834509
343784405120051	343784596865352	343784578205259
343784503801301	343784696865515	343784676489134
343784601945967	343784796865566	343784774765801
343784704297509	343784896866000	343784873011801
343784799263926	343784996866107	343784971373759
343784896584509	343785080199527	343785069670593
343784995655843	343785180200348	343785167990634
343785093794343	343785280200071	343785266276926
343785191184259	343785380200311	343785364634051
343785289284426	343785480200355	343785463224843
343785389184926	343785580200588	343785561533426
343785487507676	343785680200976	343785659847260
343785586038010	343785763534608	343785740165926
343785686342218	343785846867954	343785820396676
343785773554135	343785913534835	343785900740218
343785845467593	343785996868282	343785981161176
343785924098426	343786080201860	343786061436593
343786004867968	343786163535167	343786141711301
343786085466093	343786246868856	343786221938843
343786164082635	343786313535483	343786302164802
343786244800468	343786396869008	343786382364677
343786325327802	343786480202520	343786462612218
343786405513510	343786563536173	343786542840052
343786486197010	343786646869684	343786623072302
343786565528260	343786713536487	343786703324093
343786645339635	343786796870016	343786783571718
343786726382510	343786880203350	343786863927635
343786806521843	343786963537252	343786944132177
343786886138177	343787046870400	343787024342969
343786967266344	343787130203905	343787104557385
343787046413885	343787196871248	343787184793302
343787126724427	343787280204375	343787265045677
343787207650052	343787363537895	343787345264385
343787287780385	343787446871385	343787425523052
343787370432719	343787530204907	343787505776552
343787449616094	343787596871545	343787585977260
343787529668302	343787680205346	343787666265927
343787609359594	343787763538799	343787746542469
343787690952594	343787846872117	343787826821511
343787769830302	343787930205850	343787907100052
343787851676094	343788013539281	343787987313761
343787930035427	343788080205920	343788067649511
343788011425177	343788163539644	343788147870136
343788091135177	343788246873698	343788228197094
343788171255594	343788330206662	343788308471177
343788251543802	343788413540197	343788388719136
343788331999094	343788480206983	343788468984428
343788412169969	343788563540304	343788549278719
343788496559303	343788663540687	343788643523469
343788572596719	343788763540918	343788737780719
343788668490303	343788846874560	343788831956011
343788772666678	343788946874415	343788926300511
343788856410011	343789046874994	343789020552178
343788950474844	343789130208184	343789114822053
343789045013678	343789230208573	343789209099470
343789139718136	343789313542088	343789303330178
343789233374595	343789413542082	343789397589636
343789327864928	343789513543003	343789491897428
343789422137886	343789596875836	343789586067511
343789515707761	343789696876634	343789680646553
343789609926636	343789796876454	343789774791053
343789707729553	343789880210032	343789869000637
343789799971137	343789980209991	343789963229803
343789893051470	343790080210243	343790057475803
343789987006178	343790163544162	343790151652220
343790081336262	343790263544119	343790245899595
343790175513678	343790363544349	343790340200553
343790270349803	343790446877694	343790434495554
343790364402762	343790546878143	343790528708845
343790458556929	343790646878107	343790622983512
343790552418429	343790730211780	343790717210512
343790646356429	343790830211982	343790811498387
343790740923762	343790930212274	343790905802179
343790835942387	343791013545732	343791000080762
343790929416262	343791113546260	343791094247512
343791023765470	343791213546170	343791188451429
343791117649554	343791296879676	343791282716762
343791211469346	343791396879878	343791376944429
343791306020721	343791496879922	343791471067137
343791399881471	343791580213588	343791565369846
343791495060346	343791680213827	343791659672012
343791590922054	343791780214008	343791753817929
343791682644596	343791863547580	343791847995054
343791776311804	343791963547734	343791942274929
343791871526971	343792046881492	343792036429429
343791964812721	343792146881483	343792130626096
343792059130638	343792246881695	343792224834179
343792152938471	343792330215039	343792318981596
343792247385388	343792430215430	343792413231846
343792342050888	343792530215666	343792507788430
343792436387138	343792613548984	343792601959305
343792529960138	343792713549359	343792696220721
343792624512305	343792813549430	343792790339138
343792718903763	343792896883240	343792884535305
343792812780763	343792996883320	343792978839430
343792907835638	343793096883544	343793073121846
343793001683430	343793180216986	343793167433471
343793096450096	343793280217215	343793261675097
343793191336388	9223372036854775807	343793355858930
343793286626138	9223372036854775807	9223372036854775807

