33333333
0	0	0
0	0	0
0	0	0
0	0	0
0	0	0
0	0	0
0	0	0
0	0	0
0	0	0
0	0	0
0	0	0
0	0	0
0	0	0
0	0	0
0	0	0
0	0	0
0	0	0
0	0	0
0	0	0
0	0	0
0	0	0
0	0	0
0	0	0
0	0	0
0	0	0
0	0	0
0	0	0
0	0	0
0	0	0
343735109358277	343735180092600	343735154826277
343735177626777	343735246759436	343735223735486
343735338416486	343735380093087	343735356160069
343735374771861	343735430093405	343735414210611
343735406962319	343735480093262	343735469370527
343735448106277	343735530093371	343735509388527
343735479650361	343735563426742	343735544655486
343735518092736	343735596760166	343735584546736
343735556157569	343735630093635	343735619833069
343735592945361	343735680093518	343735659765236
343735627326402	343735713427051	343735694963527
343763037219749	343763146819301	343763127629790
343763047027499	343763180152529	343763167626207
343763139733999	343763213486656	343763202786166
343763176253291	343763263486002	343763243028416
343763213195374	343763296819558	343763278181957
343763251192457	343763330153567	343763318100166
343763287711999	343763363486393	343763353360749
343763326971832	343763413486316	343763393259082
343763361260707	343763446819769	343763428433082
343763517346957	343763596820145	343763586627916
343763545737249	343763663487192	343763652287374
343763608110374	343763730153829	343763714485707
343763674188957	343763796820667	343763774906707
343763735957541	343763846820610	343763834717749
343763795864666	343763913487596	343763894265999
343763857101416	343763980154223	343763953647541
343763934446291	343764030154324	343764012969583
343763975732458	343764096821327	343764072281749
343764034214291	343764146821420	343764130912874
343764093679208	343764213488252	343764189652874
343764153227666	343764263488374	343764248469541
343764211029708	343764330155382	343764307044708
343764270287083	343764380155240	343764365787541
343764328524583	343764446822049	343764424478749
343764387478958	343764496822039	343764483491166
343764446040916	343764563488984	343764542316291
343764505362874	343764613489063	343764601056500
343764573704416	343764680155795	343764659742208
343764622778541	343764730155948	343764718500208
343764682370416	343764796822644	343764777299708
343764748466625	343764846822887	343764836117416
343764799615458	343764913489727	343764894792625
343764857866375	343764980156557	343764953567000
343764916777750	343765030156421	343765012398458
343764975763250	343765096823299	343765071080500
343765034376208	343765146823533	343765129886291
343765092723958	343765213490235	343765188660833
343765159713750	343765263491228	343765247343375
343765210331625	343765330157117	343765306189333
343765274573375	343765380157228	343765366775667
343765336707917	343765446824205	343765427417375
343765389183208	343765513490838	343765487808083
343765449904500	343765563491146	343765548249750
343765517894500	343765630157781	343765608453833
343765570090917	343765680158278	343765668479625
343765639365417	343765746824633	343765728669792
343765690754958	343765813491647	343765788626417
343765758424458	343765863491748	343765848552792
343765809702708	343765930158882	343765908506458
343765877014292	343765980158877	343765968431292
343765937971833	343766046825485	343766028347667
343765990944792	343766113492265	343766087764667
343766057191334	343766163492406	343766147198334
343766109817709	343766230159059	343766206740750
343766174436250	343766296826002	343766279133667
343766237083375	343766363492695	343766351396875
343766301185042	343766446826488	343766423841834
343766382184500	343766513493150	343766496407542
343766473713792	343766596826520	343766570109792
343766530793292	343766663493481	343766646067584
343766602835209	343766746826955	343766723639626
343766668216459	343766813493851	343766802112292
343766745616959	343766896827670	343766881263376
343766824955792	343766980160826	343766960653876
343766903469042	343767063494593	343767040128459
343766982619126	343767130160990	343767119923167
343767069857084	343767213494635	343767199071709
343767142747542	343767296828182	343767278340084
343767229931459	343767380161890	343767357629501
343767309113376	343767463495204	343767436908584
343767380851751	343767530162201	343767516437293
343767466714376	343767613495496	343767595844876
343767546758668	343767696828889	343767675130209
343767617421126	343767780162713	343767754374126
343767697772168	343767846829314	343767833632168
343767786120543	343767930162844	343767912950668
343767864316793	343768013496207	343767992310126
343767935829959	343768096829887	343768071566460
343768014880626	343768163496737	343768150873960
343768094302168	343768246830172	343768230418835
343768173666585	343768330163620	343768309429876
343768259382835	343768413497395	343768388613585
343768332448585	343768480163885	343768467884793
343768420179501	343768563497696	343768547294668
343768495324585	343768646831130	343768626608710
343768578645585	9223372036854775807	343768705863751
343768651378293	9223372036854775807	9223372036854775807
