33333333
343889162950434	343889263756523	343889245303559
343889213073851	343889313756627	343889292797309
343889257357851	343889363756719	343889339179726
343889304761892	343889397090116	343889386191642
343889353654559	343889447090257	343889432407809
343889398625351	343889497090155	343889479172184
343889446488726	343889547090491	343889525856351
343889492225226	343889597090537	343889573237642
343889538207434	343889630424033	343889619982767
343889690812101	343889747091014	343889731967809
343889710695518	343889797091240	343889779425809
343889743145476	343889847090934	343889826073726
343889792084226	343889897091036	343889872222184
343889838222351	343889930425143	343889918798768
343889883805934	343889980424719	343889965238934
343889930542309	343890030424860	343890012127768
343889979321059	343890080425349	343890059391351
343890024448226	343890130424908	343890106603601
343890072168893	343890163758427	343890154054268
343890118126226	343890213758395	343890200246226
343890165280226	343890263758862	343890245380518
343890211776643	343890313758732	343890289591351
343890257713268	343890347092203	343890333935726
343890301235726	343890397092274	343890378770101
343890345618184	343890430425870	343890420680476
343890391099643	343890480426075	343890461549851
343890433142101	343890513759229	343890499145226
343890473848935	343890547092368	343890536627185
343890510951143	343890597092569	343890573278226
343890548269560	343890630426091	343890609769226
343890585143935	343890663759527	343890646249476
343890623750810	343890697092933	343890682480851
343890660672685	343890730426186	343890718797060
343890697176476	343890763759754	343890753785101
343890733528476	343890797093117	343890787733810
343890767201185	343890847093249	343890821599893
343890801921393	343890863759959	343890853723101
343890832349268	343890897093357	343890884856310
343890867478560	343890930426745	343890915778185
343890897732185	343890963760166	343890946328018
343890928514018	343890997093576	343890976942351
343890958302393	343891030426995	343891007700310
343890993074643	343891047093902	343891038035435
343891022358601	343891080427089	343891068697685
343891054797018	343891113760466	343891098598393
343891083260060	343891147094173	343891127978727
343891112772268	343891180427274	343891157453352
343891145561852	343891197093990	343891186736602
343891172449227	343891230427394	343891216621102
343891199525685	343891263760798	343891246266018
343891229421518	343891297094218	343891275917560
343891261840435	343891330427627	343891305514560
343891287701227	343891347094308	343891336210852
343891316487810	343891380427566	343891366323810
343891351050852	343891413760964	343891397458602
343891379396268	343891447094513	343891428179643
343891413540852	343891480428007	343891458684977
343891442650810	343891513761412	343891489564727
343891472321643	343891530428219	343891520633268
343891503223852	343891563761460	343891552946768
343891534403685	343891597095032	343891586640768
343891563913685	343891630428239	343891620871435
343891597364102	343891680428354	343891655809935
343891634733852	343891713761936	343891691463852
343891666894560	343891747095195	343891727781018
343891706955685	343891780428592	343891764122227
343891739994352	343891813761814	343891800904602
343891777913019	343891847095411	343891837088977
343891811968102	343891897095482	343891874073894
343891848224977	343891930428913	343891911561852
343891885770519	343891963762341	343891950301602
343891927141519	343892013762387	343891991055394
343891965061060	343892047095839	343892033702852
343892005634935	343892097095924	343892078430394
343892047988935	343892147096034	343892123199644
343892090319102	343892180429348	343892167624935
343892134360894	343892230429388	343892212379935
343892179150810	343892280429666	343892258242727
343892226412935	343892330429759	343892305514477
343892270696060	343892363763148	343892352495269
343892318678935	343892413763276	343892399771977
343892366691852	343892463763384	343892446288977
343892413710394	343892513763335	343892492855394
343892459090894	343892563763424	343892539198227
343892504805686	343892597097076	343892585637394
343892550336311	343892647097125	343892632478852
343892597202686	343892697097033	343892679585644
343892643738144	343892747097174	343892726058561
343892776111019	343892830430853	343892816726477
343892794734394	343892880430966	343892863350769
343892828618144	343892930431060	343892909992061
343892877083852	343892980431180	343892956516769
343892922614019	343893013764610	343893003152102
343892967688477	343893063764667	343893049177977
343893014347852	343893113764619	343893096045061
343893062190811	343893163764910	343893143575977
343893109892394	343893213765042	343893191189353
343893158470977	343893247098402	343893238066311
343893204408936	343893297098501	343893283721019
343893251192936	343893347098606	343893329039853
343893296393186	343893397098745	343893373571269
343893342887936	343893430432567	343893418174311
343893385997394	343893480432197	343893463410394
343893431170019	343893530432910	343893505566561
343893475736019	343893563765569	343893546980686
343893516562103	343893597099149	343893585100478
343893561842519	343893647099099	343893622547061
343893596994228	343893680432656	343893659112686
343893635260353	343893713766064	343893695193894
343893673126436	343893747099624	343893731535728
343893710140061	343893780432880	343893767695353
343893745249103	343893813766073	343893803505769
343893779351061	343893863766235	343893838478603
343893814750061	343893897099624	343893872672686
343893850157353	343893930433159	343893906518686
343893883962603	343893963766607	343893938964436
343893923164645	343893980433294	343893970103228
343893951991853	343894013767209	343894001104603
343893982009520	343894047100082	343894031537853
343894012924311	343894080433502	343894062209186
343894044929020	343894113766922	343894092754853
343894076414103	343894147100328	343894123213061
343894106091770	343894163767029	343894153812395
343894136352728	343894197100423	343894183876270
343894167634061	343894230433880	343894213467020
343894196480936	9223372036854775807	343894243115686
343894230425895	9223372036854775807	9223372036854775807

