33333333
0	0	0
0	0	0
0	0	0
0	0	0
0	0	0
0	0	0
0	0	0
0	0	0
0	0	0
0	0	0
0	0	0
0	0	0
0	0	0
0	0	0
0	0	0
0	0	0
0	0	0
0	0	0
0	0	0
0	0	0
0	0	0
0	0	0
0	0	0
0	0	0
0	0	0
0	0	0
0	0	0
0	0	0
0	0	0
0	0	0
0	0	0
0	0	0
0	0	0
0	0	0
0	0	0
0	0	0
0	0	0
0	0	0
0	0	0
0	0	0
0	0	0
0	0	0
0	0	0
0	0	0
0	0	0
0	0	0
0	0	0
0	0	0
0	0	0
0	0	0
0	0	0
0	0	0
0	0	0
0	0	0
0	0	0
0	0	0
0	0	0
0	0	0
0	0	0
0	0	0
0	0	0
0	0	0
0	0	0
0	0	0
0	0	0
0	0	0
0	0	0
0	0	0
0	0	0
0	0	0
0	0	0
0	0	0
0	0	0
0	0	0
0	0	0
0	0	0
0	0	0
0	0	0
0	0	0
0	0	0
0	0	0
0	0	0
0	0	0
0	0	0
0	0	0
0	0	0
0	0	0
0	0	0
0	0	0
0	0	0
0	0	0
0	0	0
0	0	0
0	0	0
0	0	0
0	0	0
0	0	0
0	0	0
0	0	0
0	0	0
0	0	0
0	0	0
0	0	0
0	0	0
0	0	0
0	0	0
0	0	0
0	0	0
0	0	0
0	0	0
0	0	0
376955520622160	376955651365024	376955640062868
376955574174993	376955751364693	376955730725951
376957159882285	376957301368204	376957273858452
376957182902369	376957384701706	376957373393952
376957286380452	376957484701936	376957462489244
376957386121994	376957584701995	376957557899660
376957474946827	376957668035627	376957649097577
376957579879036	376957768035882	376957744638994
376957677500369	376957851369823	376957835425744
376957760800786	376957951369968	376957931086202
376957847854577	376958034703196	376958021616411
376957942934161	376958134703340	376958114621619
376958033949119	376958218036818	376958201369494
376958126300202	376958318037035	376958292493619
376958212996452	9223372036854775807	376958378981578
376958303584911	9223372036854775807	9223372036854775807
