33333333
404853515745086	404853561217519	404853540424670
404853536165628	404853577884055	404853555862670
404853553286170	404853594550978	404853573818878
404853569660295	404853611217988	404853589152086
404853583082503	404853627884863	404853607109920
404853603408545	404853644551235	404853622480753
404853619437836	404853661217599	404853640448295
404853636167253	404853677884597	404853655865461
404853652654045	404853694551170	404853674709753
404853670993628	404853711217697	404853689242461
404853686259628	404853727884549	404853707031420
404853702578170	404853744551062	404853722476211
404853719300711	404853761217982	404853740382795
404853734952628	404853777884677	404853755863920
404853752644211	404853794551343	404853773854420
404853769100336	404853811217916	404853789135503
404853786740295	404853827884610	404853807065420
404853802661086	404853844551482	404853822483586
404853819385628	404853861218008	404853840327628
404853835982128	404853877884881	404853855866045
404853852846336	404853894551674	404853873804087
404853868408920	404853911218653	404853889267670
404853886233545	404853927884881	404853907088462
404853898935420	404853944551705	404853922620545
404853915744087	404853961218414	404853940377420
404853932124837	404853977885442	404853955774420
404853948946628	404853994551644	404853973679170
404853965538045	404854011218526	404853989324253
404853982313128	404854027885042	404854007224795
404853998861170	404854044551740	404854022457003
404854019364420	404854061218459	404854040474712
404854036730920	404854077885439	404854055761587
404854052641420	404854094552083	404854073740128
404854068364253	404854111218540	404854089360378
404854083273003	404854127885251	404854106978628
404854102573753	404854144552089	404854122447087
404854119396712	404854161218868	404854140419545
404854134955503	404854177886158	404854155945920
404854152658128	404854194552239	404854173651628
404854169953587	404854211219178	404854189215087
404854186234378	404854227885684	404854207138503
404854202670962	404854244552343	404854222454795
404854219827670	404854261219225	404854240366795
404854236874045	404854277885901	404854256065003
404854254566003	404854294552564	404854273731087
404854265675462	404854311219648	404854289146503
404854398436628	404854444552816	404854403509420
404854415488003	404854461219445	404854426744378
404854432931378	404854477886205	404854457135212
404854448944420	404854494553367	404854472562628
404854465652295	404854511219414	404854490563253
404854482649962	404854527886273	404854505806670
404854499986920	404854544553017	404854523756837
404854515409128	404854561219717	404854539225087
404854532317087	404854577886381	404854557026712
404854549632545	404854594553388	404854572532129
404854570045837	404854611219741	404854590456087
404854586738504	404854627886533	404854607152504
404854599066045	404854644553021	404854623860420
404854620784254	404854661219775	404854639380337
404854636140170	404854677886625	404854657194879
404854652431504	404854694553218	404854672598879
404854670181587	404854711219853	404854690356379
404854684729670	404854727886835	404854705928004
404854702628754	404854744553766	404854723715962
404854718927462	404854761219915	404854739510962
404854736874212	404854777887148	404854756988420
404854752659920	404854794553731	404854772763045
404854769144795	404854811220186	404854790475962
404854786431587	404854827886920	404854805856254
404854800409837	404854844554170	404854824107045
404854831965045	404854877887536	404854840263087
404854848735420	404854894553770	404854860090129
404854865648545	404854911220262	404854890408545
404854883315004	404854927887143	404854905972837
404854902668712	404854944553705	404854923704504
404854919162045	404854961221069	404854940803629
404854935454545	404854977887405	404854957017629
404854952174629	404854994553767	404854973890420
404854970236504	404855011220676	404854991661462
404854987657754	404855027887179	404855005797004
404855002966545	404855044553864	404855023899379
404855020186004	404855061220798	404855039174337
404855035859795	404855077887449	404855057167295
404855050736295	404855094553991	404855072601629
404855081844712	404855127887632	404855089122337
404855101842879	404855144554349	404855111075170
404855118943212	404855161220801	404855140454545
404855135491712	404855177887968	404855155817962
404855152541879	404855194554393	404855173772212
404855170111629	404855211220912	404855189196087
404855186058254	404855227887756	404855206991254
404855203052545	404855244554469	404855222594795
404855221023087	404855261221164	404855240467962
404855236627920	404855277888180	404855255901420
404855251231170	404855294554580	404855274338837
404855281789546	404855327887851	404855290240754
404855301024837	404855344554671	404855311044796
404855319231004	404855361221264	404855340411421
404855332279587	404855377887911	404855355899254
404855349216171	404855394554986	404855373710004
404855369795712	404855411221882	404855389128587
404855387104212	404855427888245	404855407068129
404855398796379	404855444554726	404855422435254
404855419499754	404855461221617	404855440329504
404855435758712	404855477888427	404855455912754
404855452377754	404855494554912	404855473670046
404855469406337	404855511221564	404855489238504
404855485881754	404855527888441	404855507075421
404855502135587	404855544554943	404855522603171
404855519963837	404855561221858	404855540453629
404855534934296	404855577888541	404855555798046
404855553548171	404855594555228	404855573659504
404855569359004	404855611221917	404855589289421
404855586025921	404855627888532	404855606964004
404855603245504	404855644555359	404855622456129
404855619930379	404855661222424	404855640394879
404855636768129	404855677888765	404855655774087
404855652750337	404855694555276	404855674956421
404855668816254	404855711222163	404855689077254
404855686088754	404855727888792	404855707397254
404855702007629	404855744555510	404855723525212
404855718448629	404855761222761	404855740319796
404855735854587	404855777888826	404855755856004
404855752522879	404855794555869	404855773766296
404855770474254	404855811222367	404855789172087
404855785662421	404855827889213	404855807000296
