33333333
0	0	0
0	0	0
0	0	0
0	0	0
0	0	0
0	0	0
0	0	0
0	0	0
0	0	0
0	0	0
0	0	0
0	0	0
0	0	0
0	0	0
0	0	0
0	0	0
0	0	0
0	0	0
0	0	0
0	0	0
0	0	0
0	0	0
0	0	0
0	0	0
0	0	0
0	0	0
0	0	0
0	0	0
0	0	0
0	0	0
0	0	0
0	0	0
0	0	0
0	0	0
0	0	0
0	0	0
0	0	0
0	0	0
0	0	0
0	0	0
0	0	0
0	0	0
0	0	0
0	0	0
0	0	0
0	0	0
0	0	0
0	0	0
0	0	0
0	0	0
0	0	0
0	0	0
0	0	0
0	0	0
0	0	0
0	0	0
0	0	0
0	0	0
0	0	0
0	0	0
0	0	0
0	0	0
0	0	0
0	0	0
0	0	0
0	0	0
0	0	0
0	0	0
0	0	0
0	0	0
0	0	0
0	0	0
0	0	0
0	0	0
0	0	0
0	0	0
0	0	0
0	0	0
404816198955235	404816294470910	404816272703944
404816254315152	404816361137732	404816346099610
404822927336155	404823077818800	404823060975655
404822951709988	404823144486112	404823130716864
404827665901949	404827711161890	404827682337699
404827682504824	404827744495539	404827718947116
404827703328282	404827761162214	404827742319032
404827723275741	404827794495432	404827768281241
404827752546866	404827811162266	404827788821907
404827771783991	404827844495508	404827818320491
404827792873532	404827861162223	404827832764741
404827822570032	404827877829093	404827856885616
404827837150741	404827894495811	404827872150907
404827861466866	404827911162343	404827890249032
404827875693616	404827927829203	404827905723116
404827893963116	404827944495928	404827923658616
404827909435449	404827961162640	404827939033616
404827928196241	404827977829292	404827958323491
404827943432324	404827994496391	404827972536657
404827963568782	404828011162731	404827990217074
404827976063241	404828027829426	404828005778866
404827995968074	404828044496138	404828023613741
404828009352074	404828061162795	404828039144658
404828027368116	404828077829558	404828056928324
404828044098241	404828094496200	404828072378158
404828181849616	404828227829710	404828186919283
404828201569449	404828244496549	404828210838866
404828215732033	404828261163068	404828240318283
404828232747699	404828277829917	404828255687616
404828253440158	404828294496666	404828273743033
404828265655491	404828311163348	404828289162199
404828282724658	404828327829872	404828307055658
404828298838574	404828344496746	404828322517491
404828315548241	404828361163300	404828340419741
404828332242033	404828377830158	404828355813116
404828349156241	404828394497143	404828373787283
404828365894949	404828411163541	404828389061158
404828386327533	404828427830266	404828406946116
404828403077533	404828444496990	404828422335116
404828419624241	404828461163526	404828440362741
404828432958449	404828477830404	404828455820449
404828453007283	404828494497347	404828473688866
404828466275033	404828511163807	404828488984241
404828486623908	404828527830470	404828506882824
404828503204949	404828544497189	404828522408991
404828520084449	404828561163741	404828540271574
404828535559824	404828577830431	404828555727783
404828549970324	404828594497308	404828574345366
404828565769908	404828611163792	404828589082408
