33333333
376905179620636	376905234589654	376905218817469
376905211273636	376905267923228	376905250464719
376905242726261	376905301256703	376905281970594
376905274942761	376905334590217	376905313589802
376905306150761	376905367923592	376905345163177
376905336868302	376905401256843	376905376783094
376905368887219	376905417923607	376905408322136
376905401470427	376905451256958	376905439929552
376905434215177	376905484590332	376905471583594
376905464511427	376905517923836	376905503219927
376905496866636	376905551257162	376905534945011
376905528686552	376905584590400	376905566744177
376905560539886	376905617923983	376905598797677
376905592466927	376905651257390	376905630389677
376905623602844	376905684590631	376905661986469
376905656747886	376905717924182	376905693639427
376905688431886	376905734590901	376905725263802
376905718326011	376905767924261	376905756899052
376905750658927	376905801257530	376905788450552
376905784585844	376905834591097	376905820159761
376905812690094	376905867924518	376905851672719
376905843522969	376905901257780	376905883318969
376905873678303	376905934591567	376905914863803
376905905973386	376905967924704	376905946450469
376905937269469	376906001258125	376905978949636
376905971561386	376906034591357	376906010812261
376906003522261	376906067925103	376906042408344
376906035308886	376906084591593	376906073999261
376906067342719	376906117925048	376906105611386
376906098832219	376906151258452	376906137151303
376906130506511	376906184591694	376906168755928
376906161043969	376906217925244	376906200345469
376906191699594	376906251258508	376906231959178
376906223385844	376906284592068	376906263474636
376906254465511	376906317925483	376906295068219
376906286780886	376906351258884	376906326615553
376906318105303	376906367925778	376906358174928
376906349206594	376906401258981	376906389813386
376906382218886	376906434592519	376906421462219
376906414004678	376906467925803	376906453015553
376906445735553	376906501259212	376906484567386
376906478197178	376906534592589	376906516200928
376906508926261	376906567925967	376906547852011
376906540390261	376906601259252	376906579748303
376906571880470	376906634592658	376906611173886
376906604120303	376906667926507	376906642817470
376906637105511	376906684592926	376906674419345
376906668164803	376906717926339	376906706074261
376906698552761	376906751259766	376906737692886
376906729824303	376906784593138	376906769250761
376906765976428	376906817926361	376906800875595
376906795107595	376906851259772	376906832503053
376906826829845	376906884593358	376906864116470
376906857049553	376906917926588	376906895665220
376906887125428	376906951260009	376906927599428
376906921013553	376906984593591	376906959290970
376906953490928	376907017926987	376906990898886
376906984180761	376907034593724	376907022506845
376907016623428	376907067927092	376907054172095
376907046697761	376907101260353	376907085820553
376907078498386	376907134593896	376907117506553
376907109926678	376907167927305	376907149016761
376907140354386	376907201260705	376907180510053
376907172514803	376907234594496	376907213317345
376907204983678	376907267927939	376907243746720
376907239105220	376907284594244	376907275294553
376907266718262	376907317927628	376907306919970
376907299007762	376907351261021	376907338541220
376907330786137	376907384594259	376907370148678
376907362532178	376907417927854	376907401687678
376907394738220	376907451261078	376907433226970
376907427373803	376907484594749	376907464826595
376907457356220	376907517928034	376907496399053
376907489586928	376907551261492	376907528093387
376907519426470	376907584594705	376907559575928
376907551342012	376907601261397	376907591156637
376907582292137	376907634594981	376907622787928
376907614364803	376907667928382	376907654394137
376907648224137	376907701261798	376907685979303
376907678380303	376907734595178	376907717638387
376907710045428	376907767928562	376907749210470
376907740721387	376907801261998	376907780729178
376907772386762	376907834595392	376907812436470
376907804516095	376907867928788	376907844117970
376907839034137	376907884595346	376907875604053
376907871402220	376907917928895	376907907269095
376907900216053	376907951262244	376907938887595
376907932417012	376907984595793	376907970549012
376907962682304	376908017928941	376908002074970
376907996242720	376908051262875	376908033637054
376908029514387	376908084595880	376908065379929
376908059574387	376908117929318	376908096908220
376908089549262	376908151262583	376908128470679
376908120706304	376908184596007	376908160131970
376908151277595	376908201263131	376908191684012
376908183921804	376908234596252	376908223305720
376908215345929	376908267929611	376908254889220
376908247765054	376908301262889	376908286493304
376908279338845	376908334596452	376908318468554
376908310613387	376908367929868	376908349722679
376908343018262	376908401263275	376908381359012
376908374752887	376908434596963	376908413175304
376908405167095	376908467929888	376908444749762
376908438029637	376908501263492	376908476411637
376908467723804	376908517930172	376908508063887
376908500691054	376908551263610	376908539630470
376908531759804	376908584596858	376908571236429
376908563459720	376908617930230	376908602808345
376908595499095	376908651263802	376908634393137
376908626786262	376908684597307	376908666011887
376908657735429	376908717930649	376908697544512
376908692337762	376908751264009	376908729114637
376908721006387	376908784597407	376908764197012
376908752693179	376908817930673	376908794122471
376908787739512	376908834597362	376908825761137
376908818190387	376908867930772	376908857429096
376908850010512	376908901264360	376908888991554
376908881391137	376908934597791	376908920611096
376908912977887	376908967931316	376908952176887
376908948156179	376909001264554	376908983775346
376908976929887	376909034597762	376909015340887
376909006340096	376909067931369	376909046940054
376909038775679	376909101264781	376909078514429
376909070320637	376909134598045	376909110079887
376909102039512	376909151265021	376909141660429
376909132912971	376909184598305	376909173318179
376909168566471	9223372036854775807	376909204935221
