33333333
376880920260832	376880951204384	376880936639666
376880942379124	376880967871060	376880957257291
376880964832916	376881001204569	376880978774582
376880986410916	376881017871050	376881003046957
376881013609749	376881051204470	376881027746041
376881037107624	376881067871134	376881053431749
376881063662749	376881101204726	376881077904374
376881084261707	376881117871252	376881103067791
376881115387916	376881151204674	376881130057166
376881141793124	376881167871511	376881156335041
376881167030582	376881201205062	376881181671582
376881191203999	376881217871464	376881205816874
376881217021791	376881251204877	376881231653332
376881240686207	376881267871713	376881255174666
376881266395541	376881301205124	376881280998999
376881288213166	376881317871863	376881305197832
376881312407791	376881351205072	376881326634999
376881337955999	376881367872220	376881353916707
376881366228874	376881401205373	376881380684708
376881392919749	376881417872041	376881407469083
376881420345541	376881451205481	376881434919166
376881443354416	376881467872136	376881457912999
376881470348499	376881501205398	376881484914416
376881494890583	376881534538999	376881509521458
376881518877624	376881551205620	376881538353458
376881545619458	376881584539526	376881559393666
376881566366999	376881601205638	376881586343374
376881593494333	376881617872699	376881607805458
376881618964583	376881651206110	376881633881124
376881640170791	376881667872434	376881655941124
376881666592499	376881701205998	376881681474916
376881693083541	376881717872720	376881707602958
376881718327416	376881751206129	376881732782874
376881739612583	376881767872862	376881754759583
376881766216749	376881801206228	376881780759958
376881788798833	376881817872755	376881804875083
376881813779583	376881851206303	376881828331333
376881833819416	376881867873033	376881853463041
376881861110249	376881884539864	376881875297666
376881886363249	376881917873144	376881900743749
376881907190458	376881934539824	376881922125208
376881933392124	376881967873430	376881948202416
376881956065791	376881984539943	376881972764416
376881983162708	376882017873332	376881997871124
376882009237416	376882034540048	376882023606166
376882032887916	376882067873425	376882047863333
376882064851624	376882101206856	376882083256583
376882094204208	376882134540257	376882112765000
376882117032375	376882151206734	376882137647291
376882141208416	376882184540373	376882162488250
376882167092541	376882201207068	376882187358125
376882192593750	376882234540326	376882212471208
376882215930958	376882251207224	376882237311208
376882244747416	376882284540546	376882262905333
376882276810041	376882317874397	376882295234958
376882328076625	376882367874084	376882346920666
376882367917416	376882401207501	376882387205875
376882391064458	376882434540889	376882413296875
376882417251083	376882451207603	376882439380166
376882443959708	376882484540983	376882465985125
376882469492750	376882517874252	376882492794125
376882497814458	376882534541692	376882520257166
376882524745333	376882567874385	376882547027916
376882549440833	376882601208483	376882573774583
376882577628250	376882617874653	376882600678166
376882607166625	376882651207868	376882629605625
376882633345041	376882667874706	376882656641375
376882661752875	376882701208120	376882684102125
376882685649416	376882734541683	376882711331083
376882713032375	376882751208082	376882738559166
376882739397625	376882784541693	376882765967916
376882763441458	376882817875079	376882793112542
376882791144042	376882834541756	376882820245500
376882815898042	376882867874986	376882847350833
376882844597417	376882884541858	376882874435417
376882870104750	376882917875441	376882901539208
376882900126292	376882951208998	376882928684542
376882928194292	376882967875381	376882955703083
376882953368000	376883001208804	376882982726167
376882991891250	376883034542180	376883012631292
376883014699917	376883051208905	376883040075083
376883037801708	376883084542157	376883067145542
376883064314500	376883117875974	376883094229417
376883090981708	376883134542419	376883121368458
376883118118708	376883167875773	376883148475000
376883147068875	376883184542405	376883175539583
376883173077958	376883217875876	376883202664542
376883199432458	376883251209337	376883229758583
376883227467292	376883267876133	376883257837917
376883253202792	376883301209597	376883284870917
376883283521667	376883334542824	376883311889417
376883311328667	376883351209521	376883339431125
376883335485000	376883384542768	376883366544542
376883363837208	376883417876344	376883393459583
376883401408417	376883434543394	376883422026917
376883425796125	376883467876817	376883449443208
376883453186833	376883501209873	376883477084250
376883481636292	376883517876384	376883503981375
376883505036750	376883551210250	376883531256750
376883532240167	376883567876506	376883558835417
376883557850334	376883601210157	376883585633792
376883583562250	376883634543471	376883612879292
376883612478959	376883651210032	376883639832875
376883638783000	376883684543599	376883666918042
376883663397084	376883717877223	376883693965125
376883690209125	376883734543687	376883720887917
376883725673750	376883767877048	376883748190375
376883749699750	376883784543790	376883775368750
376883775138584	376883817877235	376883802489084
376883798902209	376883851210628	376883829378625
376883830605042	376883867877146	376883856611084
376883856930542	376883901210725	376883883830334
376883882858417	376883934544414	376883910947042
376883909796000	376883951210660	376883937846209
376883937695125	376883984544088	376883965267542
376883961106167	376884017877614	376883992561084
376883989118250	376884034544342	376884019522000
376884022894209	376884067877744	376884047339500
376884049017834	376884084544451	376884074800167
376884080188084	376884117878358	376884102373167
376884113985584	376884151211602	376884135335042
376884140364709	376884184544473	376884162682875
376884166552667	376884201211225	376884189989626
376884196841667	376884234544767	376884217593376
376884220902417	376884267878160	376884244885834
376884247941959	376884284544864	376884272276626
376884274034376	9223372036854775807	376884299527959
