33333333
377102648408938	377102835013600	377102820191021
377102745161855	377102935013973	377102918503230
377102844154188	377103035014075	377103016750522
377102941058271	377103135014382	377103115066480
377103040057522	377103235014473	377103213285022
377103137715897	377103335014703	377103311568772
377103236074938	377103435015613	377103409827563
377103334059980	377103518348375	377103508199605
377103434285313	377103618348739	377103606508022
377103531941480	377103718348800	377103705081897
377103631094022	377103818349541	377103803428605
377103728802480	377103918349421	377103902167605
377103826821105	377104018349636	377104000153230
377103926384939	377104118349661	377104098348147
377104023444314	377104218350081	377104196655564
377104121739939	377104318350055	377104294956980
377104220314355	377104418350793	377104393257106
377104318029272	377104518350697	377104491554647
377104417007606	377104601684185	377104589875981
377104516136606	377104701684410	377104688221689
377104615431314	377104801684597	377104786495689
377104712587439	377104901684974	377104884885106
377104809493106	377105001685216	377104983406189
377104907226481	377105101685135	377105081629273
377105010421314	377105201685517	377105179960814
377105104816106	377105301685711	377105278296689
377105203442273	377105401686035	377105376591773
377105301663814	377105485019440	377105474929189
377105401081231	377105585019675	377105573270273
377105499269481	377105685019846	377105671646981
377105598762981	377105785020101	377105769997023
377105695408898	377105885020329	377105868349981
377105793432148	377105985020524	377105966653565
377105892243023	377106085021110	377106064859856
377105990344231	377106185020797	377106163184940
377106090504815	377106285021151	377106261500856
377106186613315	377106385021729	377106359742606
377106285459606	377106468354754	377106458146023
377106384344065	377106568355080	377106556402940
377106482606732	377106651688593	377106636598148
377106580561857	377106735022187	377106716863607
377106659842857	377106818355612	377106797056357
377106751558065	377106901689156	377106877303648
377106820679398	377106968355934	377106957565732
377106900161648	377107051689481	377107037857273
377106980462940	377107135022950	377107118150482
377107059867523	377107218356481	377107198414357
377107140630148	377107301690052	377107278582732
377107220998024	377107385023512	377107358825940
377107303153857	377107451690181	377107439082357
377107383416065	377107535024001	377107519319607
377107461566315	377107618357331	377107599635315
377107542331065	377107701690686	377107679810815
377107624401190	377107785024392	377107760051649
377107701396149	377107851691198	377107840300357
377107783373857	377107935024700	377107920547149
377107863186232	377108018358610	377108000810107
377107943501607	377108101691716	377108081335066
377108026773982	377108185025252	377108161526066
377108105474899	377108268358570	377108241747774
377108183817399	377108335025368	377108321929316
377108264491941	377108418359093	377108402159649
377108344924066	377108501693097	377108482495357
377108425881607	377108585026678	377108562667566
377108505574816	377108668360176	377108642961066
377108586756066	377108735026437	377108723165358
377108665933066	377108818360174	377108803353358
377108746126941	377108901693711	377108883600149
377108825957524	377108985026780	377108963780733
377108906304691	377109068360516	377109044116983
377108987063858	377109135027243	377109124383024
377109067164858	377109218361177	377109204553524
377109147243233	377109301694295	377109284804816
377109227323191	377109385027819	377109364979483
377109307101941	377109468361185	377109445308691
377109387803066	377109551694787	377109525541441
377109470253483	377109635028332	377109619696191
377109548427316	377109735028541	377109713966275
377109653151108	377109818362049	377109808082941
377109736412650	377109918362430	377109902346233
377109830891025	377110018362354	377109996518858
377109925625358	377110101695992	377110090671233
377110020964150	377110201696287	377110184875400
377110114123192	377110301696445	377110279335900
377110209088525	377110385029957	377110373554983
377110303697733	377110485030146	377110467811150
377110397832858	377110585030231	377110562080025
377110492647942	377110668363899	377110656277067
377110587410192	377110768363942	377110750470692
377110679869234	377110868364696	377110844615109
377110773725692	377110951697853	377110938857400
377110867677400	377111051697893	377111033166650
377110962301442	377111151698113	377111127412025
377111056437067	377111235031770	377111221672234
377111149916900	377111335032008	377111315962942
377111245465692	377111435032039	377111410182276
377111338743192	377111518365732	377111504404776
377111434507484	377111618366165	377111598597692
377111528678109	377111718366147	377111692773151
377111625101984	377111801699518	377111786939609
377111715763067	377111901699901	377111881088109
377111808937192	377112001700425	377111975235984
377111903369192	377112085033587	377112069442318
377111998074651	377112185033669	377112163731776
377112093196609	377112268367348	377112257866359
377112188356068	377112368368018	377112352118984
377112281656318	377112468367803	377112446577109
377112377189026	377112551701537	377112540572068
377112470647818	377112651701473	377112634750026
377112565155151	377112751701698	377112728956693
377112657938276	377112835035095	377112823171485
377112752457151	377112935035651	377112917363860
377112847774610	377113035035499	377113011560276
377112940585735	377113118369600	377113105724901
377113034398276	377113218369563	377113199933693
377113129776526	377113318369591	377113294134110
377113223999360	377113401703213	377113388434485
377113319308110	377113501703337	377113482601360
377113411884860	377113601703523	377113576749068
377113506612318	377113685037026	377113670956860
377113601013943	377113785037237	377113765159610
377113695607360	377113885037324	377113859416693
377113790025318	377113968370808	377113953626568
377113883229402	377114068371041	377114047823110
377113977769610	377114168371410	377114142079027
377114070880152	377114251704909	377114236353235
377114165683194	9223372036854775807	9223372036854775807
