33333333
0	0	0
0	0	0
0	0	0
0	0	0
0	0	0
0	0	0
0	0	0
0	0	0
0	0	0
0	0	0
0	0	0
0	0	0
0	0	0
0	0	0
0	0	0
0	0	0
0	0	0
0	0	0
0	0	0
0	0	0
0	0	0
0	0	0
0	0	0
0	0	0
0	0	0
0	0	0
0	0	0
0	0	0
0	0	0
377082618117428	377082684970517	377082663311387
377082687315762	377082751637563	377082735377012
377082846053720	377082884971496	377082868711887
377082884818804	377082934971107	377082916495720
377082919865512	377082984971160	377082971631095
377082929993929	377083018304574	377083006739554
377082981616679	377083068304519	377083046700637
377083014413429	377083101638288	377083081857595
377083055101595	377083134971502	377083121730345
377083090475679	377083168304677	377083156978845
377083130217970	377083218304989	377083196861595
377083985631846	377084034973410	377084020253096
377083997428429	377084084973365	377084068060429
377084029850304	377084134973501	377084110037304
377084076219596	377084168307035	377084152486304
377084119728013	377084201640323	377084187677096
377084160418804	377084251640543	377084227564013
377084196654013	377084284973972	377084262811054
377084235808596	377084318307365	377084302712138
377084272456263	377084351640787	377084338001179
377084312410888	377084401640865	377084378206888
377084348178513	377084434974310	377084413390388
377084499564971	377084584974559	377084568721179
377084529875721	377084651641259	377084634563013
377084591543263	377084718308236	377084696930554
377084656705679	377084768308604	377084757378554
377084718774929	377084834974982	377084816856388
377084778730554	377084901642085	377084876166013
377084838479471	377084951641928	377084935565013
377084917375096	377085018308876	377084994775180
377084956578846	377085068309129	377085054166555
377085015703596	377085134976197	377085112724971
377085075335638	377085184975763	377085171413971
377085133924471	377085251642646	377085230180138
377085192702263	377085301642798	377085288810013
377085252786346	377085368309431	377085347645930
377085310838596	377085418309738	377085406264430
377085371206680	377085484976344	377085465214221
377085430457430	377085534976470	377085523930972
377085488472138	377085601643433	377085582642513
377085554905722	377085668310250	377085641381263
377085605081513	377085718310212	377085700451513
377085665447638	377085784977011	377085759212472
377085730488263	377085834977193	377085817919513
377085781370097	377085901644273	377085876577180
377085839268222	377085951644175	377085935366472
377085898372222	377086018310849	377085994028472
377085957579722	377086068311119	377086052736680
377086015900055	377086134977920	377086111418013
377086074747430	377086184978037	377086170090138
377086133084805	377086251645134	377086228845472
377086204419264	377086301644933	377086289476930
377086250988305	377086368311595	377086349835389
377086320790722	377086434978564	377086410317389
377086371910639	377086484978685	377086470504514
377086434387347	377086551645472	377086530644597
377086501475972	377086601645570	377086590659889
377086553111222	377086668312418	377086650673389
377086612762305	377086734979064	377086710511722
377086681236514	377086784979169	377086770566305
377086732982930	377086851646194	377086830432389
377086800966930	377086901646056	377086890421930
377086852441222	377086968312861	377086950369181
377086920378181	377087034979683	377087010111014
377086983978806	377087084980009	377087069457139
377087032877681	377087151646795	377087128849681
377087099348181	377087201646875	377087188176222
377087157310431	377087284980398	377087260593097
377087217963139	377087351647191	377087333096389
377087291967847	377087418314135	377087405434139
377087390245931	377087501647372	377087479199847
377087441514722	377087568314344	377087555229931
377087503022514	377087651647687	377087632797889
377087587293347	377087734981338	377087711370639
377087663868514	377087801648023	377087790535973
377087734984848	377087884981689	377087869876264
377087813905889	377087968315275	377087949570514
377087893417889	377088051648671	377088029524306
377087972606098	377088134982725	377088108865931
377088060500514	377088201649058	377088188232556
377088132101556	377088284982352	377088267442764
377088210924514	377088368316044	377088346735515
377088299164265	377088451649569	377088426023348
377088369735598	377088518316187	377088505343348
377088449601681	377088601649914	377088584643140
377088537064181	377088684983245	377088663948473
377088606861848	377088768316730	377088743196098
377088686638515	377088834983578	377088822568598
377088765028181	377088918317046	377088902033390
377088853333223	377089001650829	377088981326598
377088932355265	377089084984254	377089060464515
377089003399057	377089151651125	377089139988473
377089081902098	377089234984577	377089219117098
377089161711723	377089318318384	377089298441390
377089247083307	377089401651615	377089377879015
377089323386265	377089468318347	377089457193182
377089401076140	377089551651918	377089536467265
377089488282473	9223372036854775807	9223372036854775807
