33333333
388495474483537	388495542789167	388495520276996
388495499689496	388495576122544	388495555481121
388495531700662	388495609456104	388495592266579
388495567629579	388495642789364	388495628588121
388495605489162	388495676122741	388495664587996
388495641492287	388495709456305	388495700464079
388495677017537	388495759456403	388495735902204
388495712606537	388495792789848	388495771440496
388495747647787	388495826123090	388495806250996
388495784174454	388495859456662	388495840941912
388495819027162	388495892790054	388495875801746
388495853544996	388495926123418	388495910899579
388495889420912	388495959456673	388495946249871
388495927158954	388495992790244	388495981960454
388495959243329	388496042790538	388496017329246
388495994457871	388496076123777	388496052739829
388496030853787	388496109457041	388496087983787
388496064474662	388496142790581	388496123098371
388496100965329	388496176124007	388496157756704
388496135641579	388496209457401	388496192111538
388496170836163	388496242790635	388496226674329
388496204544538	388496276124208	388496261098829
388496239417788	388496309457619	388496295442204
388496275439454	388496342791592	388496330022996
388496310757371	388496376124405	388496364939788
388496344530246	388496426124330	388496400675829
388496380567996	388496459457958	388496435549538
388496416064746	388496492791659	388496470291954
388496447064579	388496526125028	388496505571121
388496483180704	388496559458135	388496540466329
388496518168996	388496592791522	388496575423371
388496555841204	388496626124785	388496610541163
388496589484204	388496659458186	388496645510204
388496624909954	388496692791753	388496680082621
388496658608288	388496726125291	388496715421538
388496693125371	388496776125277	388496750759579
388496727747538	388496809458660	388496786174371
388496763274496	388496842791913	388496821618913
388496799358496	388496876125508	388496856776288
388496837614413	388496909458964	388496891992038
388496870507705	388496942792259	388496927356413
388496906483455	388496976125754	388496962520621
388496941436038	388497009459286	388496997801371
388496977456996	388497059459208	388497033957788
388497010342205	388497092792491	388497069327038
388497045330371	388497126125878	388497105069330
388497080548871	388497159459457	388497141149288
388497118599788	388497192792671	388497176948788
388497154054371	388497226126250	388497213082871
388497192643580	388497259459477	388497247729663
388497227902871	388497292793061	388497282702705
388497262083413	388497342793173	388497317698246
388497295607413	388497376126557	388497352320538
388497328923413	388497409460150	388497386920621
388497365120871	388497442793216	388497422153288
388497399879913	388497476126764	388497457018746
388497434313246	388497509460174	388497492148121
388497469873121	388497542793567	388497526832288
388497504807080	388497576126999	388497561596955
388497542267663	388497609460399	388497596301622
388497573274830	388497642793809	388497630242038
388497608266788	388497676127187	388497664381288
388497641867122	388497709460474	388497698456913
388497676241997	388497742794018	388497732447455
388497710669705	388497792794590	388497767777538
388497743919622	388497826127364	388497803228872
388497778947580	388497859460770	388497838907663
388497818395872	388497892794142	388497874560580
388497851246205	388497926127573	388497909851705
388497887407413	388497959461388	388497945427247
388497922143830	388497992794418	388497980398288
388497958434413	388498026128222	388498014999413
388497991820080	388498059461738	388498049727455
388498026828997	388498109461321	388498084192247
388498062081538	388498142794844	388498119244622
388498096714747	388498176128282	388498154949913
388498131772788	388498209461692	388498190791872
388498166721455	388498242795088	388498226924830
388498202597914	388498276128358	388498263332789
388498239601747	388498309461925	388498299479455
388498275515830	388498359461996	388498335481122
388498312379497	388498392795434	388498370419830
388498349495372	388498426128785	388498405275580
388498382904164	388498459462212	388498440217247
388498523386122	388498576129229	388498552740539
388498542540830	388498609462520	388498588115289
388498567003247	388498642795975	388498623847830
388498602469580	388498676129344	388498660167664
388498637844205	388498709462829	388498696490955
388498673550330	388498742796186	388498732682205
388498708766080	388498792796249	388498768424955
388498744943955	388498826129675	388498804178622
388498781225539	388498859463053	388498839179622
388498819649164	388498892796319	388498874037330
388498852725247	388498926130407	388498908947914
388498888228747	388498959463130	388498943802039
388498922926789	388498992796821	388498978662747
388498957430747	388499026130039	388499014061539
388498992205956	388499059463511	388499049600331
388499026043414	388499109463603	388499085630122
388499061669914	388499142796886	388499121184706
388499097121331	388499176130416	388499156254706
388499133611997	388499209463816	388499191471372
388499171967247	388499242797234	388499225825747
388499204688289	388499276130650	388499259795914
388499238953664	388499309463983	388499294243331
388499274796414	388499342797433	388499328508997
388499308069622	388499376131010	388499362606206
388499342142247	388499409464119	388499397823414
388499377922872	388499442797655	388499432763081
388499413973331	388499492797784	388499467618206
388499448178914	388499526131165	388499502549956
388499482614122	388499559464890	388499537229664
388499515328914	388499592797812	388499572182789
388499549869039	388499626131386	388499607069623
388499585115122	388499659464794	388499641938331
388499621452373	388499692798205	388499677202456
388499657226539	388499726131629	388499712353248
388499691772373	388499759464827	388499747065664
388499726025831	388499792798393	388499782861123
388499760182331	388499842798530	388499818010123
388499796921206	388499876131735	388499853630623
388499832395956	388499909465318	388499888923581
388499866277331	388499942798674	388499924587206
388499903840581	388499976132162	388499960332831
388499939802039	9223372036854775807	388499995726706
388499973057956	9223372036854775807	9223372036854775807
