33333333
0	0	0
0	0	0
0	0	0
0	0	0
0	0	0
0	0	0
0	0	0
0	0	0
0	0	0
0	0	0
0	0	0
0	0	0
0	0	0
0	0	0
0	0	0
0	0	0
0	0	0
0	0	0
0	0	0
0	0	0
0	0	0
0	0	0
0	0	0
0	0	0
0	0	0
0	0	0
0	0	0
0	0	0
0	0	0
0	0	0
0	0	0
0	0	0
0	0	0
0	0	0
0	0	0
0	0	0
0	0	0
0	0	0
0	0	0
0	0	0
0	0	0
0	0	0
0	0	0
0	0	0
0	0	0
0	0	0
0	0	0
0	0	0
0	0	0
0	0	0
0	0	0
0	0	0
0	0	0
0	0	0
0	0	0
0	0	0
0	0	0
0	0	0
0	0	0
0	0	0
0	0	0
0	0	0
0	0	0
0	0	0
0	0	0
0	0	0
0	0	0
0	0	0
0	0	0
0	0	0
0	0	0
0	0	0
0	0	0
0	0	0
0	0	0
0	0	0
0	0	0
0	0	0
0	0	0
0	0	0
0	0	0
0	0	0
0	0	0
0	0	0
0	0	0
0	0	0
0	0	0
0	0	0
0	0	0
0	0	0
0	0	0
0	0	0
0	0	0
0	0	0
0	0	0
0	0	0
0	0	0
0	0	0
0	0	0
388460034845395	388460092713244	388460071359729
388460100983229	388460159379875	388460135538979
388466886263065	388466976061347	388466959716315
388466902731315	388467042727983	388467027825607
388471608169817	388471726071575	388471703116943
388471631115942	388471776072095	388471754369734
388471714486026	388471809405048	388471788602484
388471766531193	388471842738909	388471823793901
388471802217068	388471876071861	388471859745109
388471836390276	388471909405104	388471895154901
388471875653234	388471942738494	388471931307276
388471907009568	388471976071896	388471966571068
388471943534568	388472026072162	388472001517984
388471979237901	388472059405547	388472036189568
388472013084276	388472092739147	388472070825943
388472139233068	388472192739231	388472167993651
388472157777859	388472226072446	388472202924068
388472179660859	388472259405867	388472237822193
388472216391901	388472292739428	388472272457318
388472250562151	388472326072885	388472307923068
388472284987984	388472359406865	388472343897860
388472321700526	388472392739808	388472379431068
388472359222735	388472426073040	388472415068485
388472393761360	388472459406454	388472450567110
388472430134443	388472509406562	388472486025360
388472462742276	388472542740139	388472522010026
388472502110901	388472576073342	388472557350026
388472536463985	388472609406571	388472592324193
