33333333
0	0	0
0	0	0
0	0	0
0	0	0
0	0	0
0	0	0
0	0	0
0	0	0
0	0	0
0	0	0
0	0	0
0	0	0
0	0	0
0	0	0
0	0	0
0	0	0
0	0	0
0	0	0
0	0	0
0	0	0
0	0	0
0	0	0
0	0	0
0	0	0
0	0	0
0	0	0
0	0	0
0	0	0
0	0	0
0	0	0
0	0	0
0	0	0
0	0	0
0	0	0
0	0	0
0	0	0
0	0	0
0	0	0
0	0	0
0	0	0
0	0	0
0	0	0
0	0	0
0	0	0
0	0	0
0	0	0
0	0	0
0	0	0
0	0	0
0	0	0
0	0	0
0	0	0
0	0	0
0	0	0
0	0	0
0	0	0
0	0	0
0	0	0
0	0	0
0	0	0
0	0	0
0	0	0
0	0	0
0	0	0
0	0	0
0	0	0
0	0	0
0	0	0
0	0	0
0	0	0
0	0	0
0	0	0
0	0	0
0	0	0
0	0	0
0	0	0
0	0	0
0	0	0
0	0	0
0	0	0
0	0	0
0	0	0
0	0	0
0	0	0
0	0	0
0	0	0
0	0	0
0	0	0
0	0	0
0	0	0
0	0	0
0	0	0
0	0	0
0	0	0
388404007749577	388404059259692	388404038788494
388404067365869	388404125926348	388404099166369
388410602092955	388410709273972	388410678782413
388410621451622	388410759274014	388410741034955
388415144709832	388415242616922	388415222018124
388415161629332	388415309283830	388415282755957
388415239345416	388415342617234	388415333463999
388415299079707	388415375950656	388415364417166
388415367055707	388415409283868	388415397720999
388415382708791	388415442617639	388415430745582
388415414936416	388415475950837	388415465000957
388415448726666	388415509284092	388415499569332
388415483801957	388415559284474	388415534797291
388415517252166	388415592618160	388415570547874
388415550982499	388415625951012	388415606694541
388415676936082	388415725951385	388415706761832
388415693270916	388415759284788	388415742954249
388415724708541	388415792618168	388415777698208
388415761094416	388415825951626	388415811704791
388415796501291	388415859284987	388415845914208
388415830524291	388415892618281	388415879312833
388415864158374	388415925951948	388415911090666
388415897446458	388415959285497	388415942563916
388415929349958	388415992618630	388415973162583
388415963995833	388416025951888	388416003220083
388415994642541	388416042618764	388416033514708
388416022910583	388416075951986	388416066408916
388416051778041	388416109285709	388416093549249
388416083727708	388416142618916	388416124189749
388416112469458	388416175952213	388416154607416
388416145361916	388416209285737	388416185052083
388416174633499	388416225952312	388416215687499
388416200326083	388416259285885	388416245461041
