33333333
388437943948468	388438025999073	388438011772843
388437984956218	388438075999327	388438055237676
388438028208343	388438109332775	388438099193010
388438072046343	388438159332856	388438143756385
388438119177218	388438209332902	388438190903343
388438163144843	388438259332913	388438239459260
388438208400802	388438309333316	388438289281843
388438256600260	388438359333296	388438338860635
388438305726510	388438409333385	388438388369385
388438355487843	388438459333479	388438437964677
388438405166760	388438509333588	388438487691843
388438455002760	388438559333715	388438537321010
388438504447052	388438609333843	388438588828093
388438553842260	388438659333960	388438641193552
388438605144718	388438709334023	388438694415135
388438657470510	388438759334088	388438747816843
388438711364760	388438809334059	388438800381219
388438826523177	388438892667563	388438873412219
388438844180010	388438942667743	388438926351719
388438893415969	388438992667969	388438979962844
388438942695802	388439042667903	388439031686927
388438995748344	388439092668024	388439083019219
388439047955219	388439142668857	388439133029719
388439099219635	388439192668384	388439182096094
388439150608219	388439242668337	388439232314677
388439198157802	388439292668431	388439281848677
388439249462010	388439342668707	388439331460802
388439302950052	388439392668666	388439380830677
388439348741094	388439442669190	388439428920510
388439396876219	388439492669063	388439474415510
388439445316719	388439542669164	388439518146844
388439491252802	388439576002578	388439561387927
388439534877052	388439626002486	388439605587969
388439580943302	388439659335925	388439648298802
388439622038927	388439709336161	388439688782136
388439664070261	388439742669645	388439725696261
388439707788261	388439776002821	388439762631969
388439743265302	388439809336381	388439799580511
388439778891552	388439859336360	388439836325719
388439817131511	388439892669760	388439872961427
388439853115261	388439926003342	388439909681594
388439889207052	388439959336865	388439945978094
388439925868594	388439992670300	388439982729052
388439962546927	388440042670078	388440017634761
388439999630594	388440076003449	388440051481052
388440032966927	388440109337051	388440084169386
388440066541219	388440126003651	388440115265719
388440105136052	388440159336976	388440145547219
388440132433636	388440192670363	388440177366844
388440163447469	388440226003952	388440207499261
388440199759469	388440259337359	388440238230594
388440228955678	388440292670907	388440268322219
388440258337053	388440309337314	388440297818178
388440287797511	388440342670947	388440327665803
388440318955761	388440376004334	388440357629636
388440347018511	388440409337538	388440388276136
388440375691844	388440442671101	388440418829969
388440404808511	388440459337905	388440449000344
388440438499094	388440492671023	388440479186261
388440466576178	388440526004572	388440509881761
388440496462469	388440559338017	388440541543428
388440528599261	388440592671244	388440574646844
388440560211303	388440626004879	388440609194303
388440591811261	388440659338017	388440644443511
388440626675594	388440692671630	388440680373886
388440663566678	388440726005070	388440716600928
388440699232344	388440776005471	388440752856886
388440735710428	388440809338559	388440789261511
388440769098386	388440842671920	388440825576928
388440806895511	388440876005181	388440862632053
388440842743386	388440909338733	388440899910553
388440879433678	388440959338848	388440937331511
388440915838428	388440992672267	388440977299261
388440953485720	388441042672216	388441018810136
388440993552511	388441076005620	388441062083720
388441036566136	388441126005722	388441105872803
388441078499595	388441159339307	388441149781803
388441123078720	388441209339883	388441194534553
388441165714428	388441259339485	388441241172386
388441211236720	388441309339610	388441289211803
388441258109886	388441359339953	388441338746553
388441306246428	388441409339808	388441388978678
388441355114095	388441459339951	388441438307470
388441405192136	388441509340192	388441487648136
388441456206970	388441559340141	388441537316470
388441505482636	388441609340264	388441587689637
388441554691803	388441659340368	388441638787970
388441603698595	388441709340482	388441690824970
388441655152387	388441759340563	388441744139220
388441707633178	388441809341341	388441797433428
388441760716845	388441859340802	388441850260012
388441892711012	388441959340998	388441940223137
388441914565428	388442009341067	388441994268637
388441956976012	388442059341207	388442047290678
388442010599803	388442109341322	388442098904262
388442062980262	388442159341457	388442148903887
388442116086678	388442209341755	388442198351095
388442166293595	388442259341524	388442247341720
388442216245095	388442309341611	388442297244429
388442265014345	388442359341949	388442346777470
388442317297095	388442409341964	388442396508179
388442363020887	388442459342228	388442446119470
388442413805345	388442509342337	388442493612345
388442461969512	388442559342790	388442538817762
388442510203720	388442592675523	388442582780262
388442555307012	388442642675787	388442626309304
388442599045262	388442692675923	388442670288095
388442643161679	388442726009813	388442712799179
388442687218512	388442776010025	388442752786054
388442730080845	388442809342818	388442789325345
388442770350595	388442842676252	388442826580929
388442807204804	388442876009662	388442864213845
388442843974845	388442926009767	388442900842012
388442881502720	388442959342986	388442937334679
388442917286887	388442992676718	388442973892971
388442954107095	388443026010150	388443010899679
388442990299221	388443059343319	388443046940221
388443029934429	388443092676904	388443081948596
388443064438846	388443126010136	388443116115512
388443099545262	388443159343567	388443148281637
388443133216179	388443192676981	388443178219179
388443166816471	388443226010530	388443208328137
388443199418679	388443259343794	388443238706137
388443229039554	388443292677202	388443268433387
388443269566429	388443309343711	388443298693346
388443286785596	388443342677274	388443328449804
388443318628304	9223372036854775807	9223372036854775807
