33333333
388726267424939	388726359951133	388726338037772
388726307867272	388726393284569	388726378168647
388726346529439	388726426617984	388726417038231
388726387094981	388726476618269	388726457213272
388726426387522	388726509951484	388726496114814
388726465947189	388726559951599	388726536230147
388726505202564	388726593285217	388726575145231
388726545358897	388726626618403	388726615268231
388726585847189	388726676618513	388726654209189
388726623805981	388726709951929	388726694380606
388726662639814	388726743285180	388726733316189
388726703225981	388726793285437	388726773466606
388726741420647	388726826618646	388726812365898
388726781651606	388726876618938	388726852552523
388726820734564	388726909952182	388726891456189
388726860611106	388726943286146	388726931572689
388726900995856	388726993286306	388726970497939
388726941469856	388727026619283	388727010545981
388726980271648	388727059952662	388727049441814
388727020703856	388727109952613	388727089590939
388727057805564	388727143286015	388727128523856
388727097790523	388727193286760	388727168669273
388727137114648	388727226619547	388727207570731
388727176926481	388727259953107	388727247677564
388727217557773	388727309953190	388727286603898
388727257420773	388727343286597	388727326980648
388727295553523	388727376619830	388727365665481
388727336460356	388727426620098	388727405833606
388727374801273	388727459953527	388727444759023
388727414329898	388727509953856	388727484832565
388727453262314	388727543287012	388727523770356
388727493292398	388727576620437	388727563981731
388727532161065	388727626620574	388727602892815
388727573387773	388727659953942	388727642993481
388727611117523	388727693287213	388727681909856
388727651858481	388727743287479	388727721984398
388727691326773	388727776620725	388727760949940
388727733236273	388727826620978	388727801074731
388727769715440	388727859954358	388727839996523
388727810161731	388727893287756	388727880251481
388727848312731	388727943287852	388727919039981
388727888705731	388727976621302	388727959216940
388727927996481	388728009954550	388727998146398
388727968381523	388728059954668	388728038387815
388728006253231	388728093288075	388728077298606
388728047054856	388728126621597	388728117424898
388728086112648	388728176621855	388728156390315
388728127522190	388728209955146	388728196470398
388728165098398	388728259955110	388728235357357
388728204965982	388728293288645	388728275522898
388728244610273	388728326621861	388728314435773
388728285315982	388728376622002	388728354590190
388728323007940	388728409955389	388728393657815
388728363479857	388728443289103	388728433560065
388728403313648	388728493289637	388728472507482
388728443906565	388728526622502	388728512722148
388728482024940	388728576622460	388728551599398
388728521856398	388728609955840	388728591684690
388728559618232	388728643289403	388728630536648
388728600773815	388728693289482	388728670691690
388728641973398	388728726622900	388728709669523
388728678935023	388728759956124	388728749846148
388728718233898	388728809956425	388728788783315
388728759366440	388728843289802	388728828987982
388728798189857	388728893289928	388728867886440
388728838251898	388728926623179	388728908110440
388728876283565	388728959956736	388728947060940
388728917147524	388729009956709	388728987161149
388728956315274	388729043290115	388729026047274
388728996516065	388729076623504	388729066192607
388729035278440	388729126623771	388729105120107
388729074999399	388729159957198	388729145278107
388729114252857	388729193290429	388729184186565
388729154117982	388729243290710	388729224397232
388729192954857	388729276623922	388729263256649
388729233047899	388729326624055	388729303456940
388729272237024	388729359957595	388729342380024
388729311387065	388729393291445	388729382494732
388729350982399	388729443291121	388729421537899
388729391017857	388729476624354	388729461878065
388729430492649	388729509957912	388729500727024
388729470333399	388729559958191	388729540894315
388729510317274	388729593291640	388729579778149
388729550517149	388729643291561	388729619895524
388729589392732	388729676624967	388729658794566
388729628922274	388729709958323	388729698830732
388729668537732	388729759958456	388729737857066
388729709427399	388729793291695	388729777930066
388729747488607	388729826625295	388729816853316
388729786629399	388729876625374	388729857036732
388729824793149	388729909958780	388729895961191
388729866032399	388729959958888	388729936164732
388729903737316	388729993292300	388729975110191
388729944355649	388730026625537	388730015322857
388729984178357	388730076625892	388730054259357
388730024180274	388730109959210	388730094311107
388730063287899	388730143292608	388730133253066
388730103302732	388730193292709	388730173472107
388730142091024	388730226626145	388730212433399
388730183141816	388730276626262	388730252514941
388730221940774	388730309959628	388730291381233
388730260689899	388730343293046	388730331446816
388730301281441	388730393293153	388730370393649
388730340918108	388730426626405	388730410557149
388730379606233	388730459959956	388730449445733
388730419858858	388730509959898	388730489601108
388730458091774	388730543293909	388730528495733
388730498137524	388730593293777	388730568671358
388730536970024	388730626626965	388730607568066
388730576513191	388730659960263	388730647718191
388730615602524	388730709961002	388730686617316
388730655860149	388730743293925	388730726904941
388730695657191	388730776627336	388730765584108
388730735485316	388730826627245	388730805754733
388730774311066	388730859960791	388730844595899
388730814802983	388730909960762	388730884782983
388730853191191	388730943294134	388730923645024
388730892877233	388730976627765	388730963729358
388730933998649	388731026627846	388731002644483
388730973166108	388731059961257	388731042751733
388731010906525	388731093294660	388731081700858
388731052502566	388731143294602	388731121877233
388731090194191	388731176628173	388731160734941
388731131560858	388731209961407	388731200925483
388731170236650	388731259961512	388731239834441
388731210470441	9223372036854775807	388731280149983
388731251213525	9223372036854775807	9223372036854775807
