33333333
388699587710551	388699643227190	388699633427260
388699616906801	388699676560734	388699663184593
388699646794885	388699709894027	388699693193385
388699677715718	388699743227227	388699723031635
388699707474343	388699776561330	388699752804635
388699740415551	388699809894042	388699782529718
388699770128051	388699826560901	388699814575510
388699796573093	388699859894774	388699844635010
388699830293218	388699893227705	388699874409093
388699858684968	388699926561128	388699904390635
388699888336135	388699943227838	388699934176051
388699919081260	388699976561215	388699963863260
388699950648676	388700009894630	388699993637093
388699980911718	388700043228045	388700023080635
388700077420468	388700126561359	388700111908760
388700099723676	388700176561675	388700153727301
388700125688801	388700209895067	388700193846135
388700164466218	388700243228473	388700232809427
388700204159051	388700293228608	388700272931510
388700243024718	388700326561974	388700311865427
388700283305218	388700376562211	388700351995093
388700322034385	388700409895468	388700390893427
388700361550885	388700443228896	388700430939968
388700401754177	388700493229010	388700469903427
388700441823260	388700526562372	388700510230718
388700481284635	388700559895816	388700548971635
388700519853427	388700609895769	388700589094385
388700557712593	388700643229345	388700628076093
388700597947385	388700693229428	388700668233843
388700636882135	388700726562837	388700707377510
388700684539343	388700759896070	388700747563552
388700719446885	388700809896336	388700787731510
388700759972385	388700843229737	388700826852385
388700796518135	388700876562995	388700866668260
388700835637677	388700926563086	388700905636052
388700877189135	388700959896674	388700945707010
388700915146802	388701009896765	388700984605927
388700955556427	388701043230200	388701024766094
388700992757052	388701076563584	388701063710885
388701033538635	388701126563705	388701103832510
388701073282094	388701159897134	388701142796469
388701112594385	388701193230371	388701182924677
388701151514719	388701243230636	388701221799969
388701191483802	388701276563863	388701261976594
388701230374219	388701309897440	388701300791385
388701270508760	388701359897538	388701340942927
388701309065427	388701393231338	388701379796302
388701349517010	388701443231025	388701419916094
388701388196594	388701476564452	388701458878552
388701429177302	388701509897850	388701499075469
388701467307677	388701559897925	388701537969010
388701508740927	388701593231378	388701578040469
388701547548010	388701626564747	388701616996385
388701587994260	388701676564857	388701657098802
388701626409052	388701709898148	388701696135302
388701666941136	388701759898386	388701736222927
388701704655677	388701793231828	388701775124136
388701745431969	388701826565212	388701815234761
388701784573969	388701876565297	388701854250011
388701825176136	388701909898697	388701894389636
388701863635886	388701943232122	388701933299552
388701904054177	388701993232056	388701973353177
388701942894886	388702026565642	388702012297469
388701983434886	388702076565868	388702052416344
388702021985469	388702109899157	388702091388094
388702060511094	388702143232544	388702131488219
388702101056177	388702193232503	388702170447969
388702141026552	388702226565900	388702210607469
388702179779177	388702259899294	388702249565927
388702220423969	388702309899424	388702289678177
388702259572094	388702343232973	388702328618928
388702299214219	388702393232931	388702368791553
388702338186886	388702426566854	388702407702428
388702378603678	388702459899900	388702447828053
388702416129094	388702509899982	388702486706386
388702456605303	388702543233228	388702526918094
388702495344094	388702576566786	388702565697636
388702536240636	388702626566921	388702605719053
388702574395303	388702659900333	388702644568094
388702614697094	388702709900276	388702684745886
388702653264344	388702743233821	388702723670969
388702693012053	388702776567234	388702763823553
388702732283178	388702826567346	388702802797261
388702773795011	388702859900589	388702842962386
388702810886386	388702893234168	388702881879553
388702851926386	388702943234272	388702922003553
388702890623261	388702976567524	388702960837969
388702931498969	388703009901059	388703001003678
388702969383344	388703059901280	388703039865636
388703009283761	388703093234731	388703080072136
388703048320845	388703143234706	388703118974303
388703088617345	388703176568089	388703159146470
388703127144345	388703209901509	388703198029553
388703168588886	388703259901623	388703238123053
388703206647761	388703293234975	388703276955178
388703247460886	388703326568279	388703317108470
388703285568095	388703376568369	388703356074970
388703325866720	388703409901936	388703396140261
388703366132303	388703459902482	388703434963261
388703404529095	388703493235445	388703475114553
388703443535636	388703526568661	388703514124845
388703485452011	388703576568971	388703554279595
388703524086636	388703609902353	388703593210553
388703564389428	388703643235968	388703633311595
388703603328636	388703693235904	388703672239678
388703643170928	388703726569201	388703712341678
388703681867678	388703776569187	388703751352012
388703722259970	388703809902781	388703791442220
388703760058845	388703843236175	388703830354137
388703802093387	388703893236137	388703870477928
388703840123053	388703926569690	388703909421470
388703880785553	388703959902939	388703949499428
388703919310178	388704009903231	388703988504220
388703960243095	388704043236469	388704028611720
388703998669012	388704093236558	388704067770720
388704038580970	388704126570125	388704107955845
388704077164595	388704159903528	388704146968553
388704116530387	388704209903509	388704187027178
388704156255470	388704243237046	388704225961845
388704198625262	388704276570816	388704266025012
388704235075345	388704326570984	388704304970012
388704274606387	388704359903994	388704345114887
388704315302137	388704393237410	388704384215762
388704355930053	388704443237330	388704424363637
388704394759637	388704476570799	388704463238054
388704434985054	9223372036854775807	388704503470970
388704473615595	9223372036854775807	9223372036854775807
