33333333
395439202061098	395439241019809	395439220098473
395439219087557	395439257686537	395439236740848
395439233504598	395439274353246	395439253356223
395439250015348	395439291019941	395439270042598
395439266361348	395439307686508	395439286724515
395439282273640	395439324353350	395439302166307
395439299439515	395439341019902	395439320145932
395439315949973	395439357686752	395439335516765
395439332327473	395439374353464	395439353428807
395439349393223	395439391020148	395439368829682
395439367248307	395439407686834	395439386698973
395439382653765	395439424354111	395439402160973
395439402256182	395439441020250	395439420129182
395439419157515	395439457686789	395439436749932
395439433240390	395439474353628	395439452176640
395439451958807	395439491020414	395439470007432
395439469520557	395439507687085	395439486726598
395439485506765	395439524353819	395439503371932
395439502236598	395439541020285	395439520178348
395439519273348	395439557687394	395439536686098
395439536285515	395439574353701	395439553362057
395439549360807	395439591020760	395439568838973
395439568899848	395439607687268	395439586730473
395439582613557	395439624353996	395439602182848
395439599313473	395439641020703	395439620181640
395439616732515	395439657687224	395439635506765
395439635267015	395439674354151	395439653349432
395439651914557	395439691020839	395439670018890
395439665913390	395439707687302	395439685466390
395439682728223	395439724354703	395439703360973
395439699212723	395439741020724	395439718897682
395439720662848	395439757687438	395439736699432
395439732694807	395439774354277	395439752157390
395439752152015	395439791021003	395439770021390
395439768812432	395439807687722	395439786680515
395439785413599	395439824354692	395439803445849
395439802054182	395439841021117	395439820892807
395439820624724	395439857687801	395439836923099
395439835082974	395439874354363	395439853335474
395439982230640	395440024354950	395439987301640
395439999265432	395440041021977	395440010581390
395440018555849	395440057688242	395440036738599
395440033699099	395440074354940	395440053369557
395440050445307	395440091021647	395440070021599
395440068650849	395440107688347	395440086755682
395440083923890	395440124355023	395440103358890
395440100200599	395440141021757	395440120115057
395440117992432	395440157688465	395440135493724
395440133620724	395440174355172	395440153368182
395440149824390	395440191021871	395440170043224
395440168792849	395440207688412	395440186661765
395440185174724	395440224355262	395440203381057
395440200387224	395440241021968	395440220171099
395440217029099	395440257688492	395440236706349
395440233582807	395440274355332	395440253374849
395440250206849	395440291021925	395440270009724
395440268825849	395440307688801	395440286647765
395440285269724	395440324355522	395440303337224
395440302213724	395440341022007	395440320107099
395440318378599	395440357688914	395440336714015
395440335398307	395440374355417	395440353365515
395440351459474	395440391022151	395440370029390
395440367368140	395440407689000	395440386702057
395440385201390	395440424356129	395440403352932
395440400457807	395440441022395	395440420108974
395440417089390	395440457689082	395440436748932
395440434812932	395440474356246	395440453359599
395440452217140	395440491022969	395440470057599
395440466096640	395440507689211	395440485550516
395440482990974	395440524355742	395440503358057
395440503159016	395440541022465	395440520149682
395440516144724	395440557689310	395440535493432
395440532860641	395440574355846	395440553369182
395440552213641	395440591022729	395440570000807
395440568355474	395440607689422	395440586694057
395440585306891	395440624355934	395440603377266
395440599786266	395440641022889	395440620156349
395440618524641	395440657689520	395440636791057
395440633001516	395440674356241	395440652311766
395440649786516	395440691022925	395440670107432
395440666104641	395440707689645	395440685474391
395440684106016	395440724356334	395440703370974
395440700181391	395440741022876	395440720154182
395440718827724	395440757689754	395440736687432
395440735241224	395440774356453	395440753316974
395440752781182	395440791023147	395440770028932
395440766598391	395440807689856	395440786704474
395440783245182	395440824356552	395440803322891
395440802680307	395440841023271	395440820065599
395440816810307	395440857689955	395440836656974
395440835302016	395440874356653	395440853336724
395440850102516	395440891023338	395440869998391
395440866869182	395440907689927	395440886710057
395440885179266	395440924356610	395440903346974
395440899862266	395440941023474	395440920063016
395440916700849	395440957690159	395440936656932
395440935815474	395440974356721	395440953370099
395440950322057	395440991023561	395440970025557
395440966478516	395441007690305	395440986668932
395440983656016	395441024356831	395441003346766
395441000140599	395441041023529	395441020070599
395441016862057	395441057690367	395441036688932
395441032747224	395441074357501	395441052182432
395441052203932	395441091023800	395441070015682
395441068681099	395441107690866	395441086676141
395441083618641	395441124357471	395441103355307
395441100211557	395441141023913	395441120113766
395441117006766	395441157690845	395441136659891
395441135300141	395441174357304	395441153369307
395441150122266	395441191023991	395441170008308
395441166798766	395441207690718	395441186675849
395441183847974	395441224357338	395441203336391
395441200368516	395441241024088	395441220056558
395441218956641	395441257690807	395441236709891
395441235728641	395441274357341	395441253321016
395441253072766	395441291024081	395441269989891
395441266765266	395441307690912	395441286731683
395441283269641	395441324357650	395441303333933
395441301697308	395441341024332	395441320179058
395441316784433	395441357690881	395441336671224
395441335723266	395441374357862	395441353877474
395441353691099	395441391024439	395441370110099
395441370382308	395441407691116	395441386682308
395441385275766	395441424357782	395441403434224
395441403347641	395441441024695	395441420263433
395441418695724	9223372036854775807	395441435749808
395441436734808	9223372036854775807	395441453409766
