33333333
0	0	0
0	0	0
0	0	0
0	0	0
0	0	0
0	0	0
0	0	0
0	0	0
0	0	0
0	0	0
0	0	0
0	0	0
0	0	0
0	0	0
0	0	0
0	0	0
0	0	0
0	0	0
0	0	0
0	0	0
0	0	0
0	0	0
0	0	0
0	0	0
0	0	0
0	0	0
0	0	0
0	0	0
0	0	0
0	0	0
0	0	0
0	0	0
0	0	0
0	0	0
0	0	0
0	0	0
0	0	0
0	0	0
0	0	0
0	0	0
0	0	0
0	0	0
0	0	0
0	0	0
0	0	0
0	0	0
0	0	0
0	0	0
0	0	0
0	0	0
0	0	0
0	0	0
0	0	0
0	0	0
0	0	0
0	0	0
0	0	0
0	0	0
0	0	0
0	0	0
0	0	0
0	0	0
0	0	0
0	0	0
0	0	0
0	0	0
0	0	0
0	0	0
0	0	0
0	0	0
0	0	0
0	0	0
0	0	0
0	0	0
0	0	0
0	0	0
0	0	0
395402060216372	395402157606940	395402131121164
395402119823997	395402207607329	395402195049622
395408399398917	395408574287415	395408551933500
395408423329417	395408640954122	395408621126875
395412932821836	395412974296797	395412949258794
395412952689586	395413024296925	395412987737086
395412966637544	395413040963580	395413020458127
395412992536252	395413057630292	395413037859252
395413025039627	395413074296853	395413052122294
395413042438419	395413090963733	395413069959877
395413056715419	395413107630451	395413085178002
395413074881252	395413124297135	395413103363294
395413090216336	395413140963835	395413118532044
395413107333002	395413157630493	395413136641002
395413122759586	395413174297231	395413152186127
395413140455586	395413190963769	395413169944794
395413156115211	395413207630878	395413185534586
395413173774752	395413224297195	395413203371252
395413190179127	395413240964065	395413218551753
395413208192503	395413257630929	395413236570919
395413222880503	395413274297462	395413251893628
395413240884128	395413290963978	395413269986044
395413256587419	395413307630725	395413285239836
395413273946211	395413324297377	395413303279253
395413289752336	395413340964240	395413318692669
395413307316919	395413357630952	395413336721961
395413325279378	395413374297530	395413352128836
395413482065086	395413524297999	395413487142003
395413501887878	395413540964696	395413511078961
395413516196794	395413557631370	395413536627419
395413533081253	395413574298087	395413552135586
395413552193586	395413590965026	395413569943544
395413567026294	395413607631644	395413585450336
395413583419878	395413624298038	395413603377836
395413600069878	395413640964914	395413620124503
395413620546128	395413657631618	395413636630336
395413649396253	395413690964992	395413655265753
395413666094586	395413707632015	395413677072211
395413683071711	395413724298403	395413703314628
395413699372586	395413740964956	395413718691169
395413718035044	395413757631822	395413736609794
395413736376919	395413774298526	395413753316169
395413750070169	395413790965238	395413769936878
395413769120503	395413807631925	395413786576919
395413783644919	395413824298629	395413803269294
395413802116753	395413840965335	395413819988336
395413816523919	395413857632036	395413836642128
395413833047378	395413874298741	395413853321128
395413852400419	395413890965448	395413870205336
395413868696003	395413907632281	395413886637086
