33333333
0	0	0
0	0	0
0	0	0
0	0	0
0	0	0
0	0	0
0	0	0
0	0	0
0	0	0
0	0	0
0	0	0
0	0	0
0	0	0
0	0	0
0	0	0
0	0	0
0	0	0
0	0	0
0	0	0
0	0	0
0	0	0
0	0	0
0	0	0
0	0	0
0	0	0
0	0	0
0	0	0
0	0	0
0	0	0
0	0	0
0	0	0
0	0	0
0	0	0
0	0	0
0	0	0
0	0	0
0	0	0
0	0	0
0	0	0
0	0	0
0	0	0
0	0	0
0	0	0
0	0	0
0	0	0
0	0	0
0	0	0
0	0	0
0	0	0
0	0	0
0	0	0
0	0	0
0	0	0
0	0	0
0	0	0
0	0	0
0	0	0
0	0	0
0	0	0
0	0	0
0	0	0
0	0	0
0	0	0
0	0	0
0	0	0
0	0	0
0	0	0
0	0	0
0	0	0
0	0	0
0	0	0
0	0	0
0	0	0
0	0	0
0	0	0
0	0	0
0	0	0
0	0	0
0	0	0
0	0	0
0	0	0
0	0	0
0	0	0
0	0	0
0	0	0
0	0	0
0	0	0
0	0	0
0	0	0
0	0	0
0	0	0
0	0	0
0	0	0
0	0	0
0	0	0
0	0	0
0	0	0
0	0	0
388518572192507	388518626172150	388518608977632
388518639888048	388518692838761	388518677309923
388525321319551	388525442853462	388525415859635
388525342502093	388525476186704	388525458344010
388529945090637	388530059530028	388530035495845
388529963820845	388530126196696	388530105913012
388530053046095	388530176196954	388530151973095
388530123722345	388530209530181	388530188834054
388530203006970	388530259530303	388530235378179
388530221472304	388530292863880	388530274783637
388530253544512	388530326197262	388530313906679
388530292818304	388530376197211	388530353720679
388530335636262	388530409530729	388530394468471
388530478456554	388530526197515	388530513166679
388530494291846	388530576197809	388530553889387
388530534151096	388530609531392	388530593552846
388530571222262	388530642864561	388530632434221
388530611297637	388530692864716	388530671682554
388530649948429	388530726197961	388530709440387
388530688709554	388530759531522	388530746253346
388530727685637	388530792864928	388530782884179
388530768368096	388530842865025	388530818455304
388530803096554	388530876198458	388530854429137
388530837175012	388530909531700	388530890609179
388530874394512	388530942865387	388530927129679
388530907478221	388530976198626	388530963208721
388530943844596	388531009532105	388530999610762
388530980274512	388531059532134	388531036213262
388531016365179	388531092865572	388531071409179
