33333333
388552599271523	388552676245038	388552654524523
388552634100981	388552709578579	388552693307898
388552671588689	388552742912012	388552732912606
388552712185398	388552792912588	388552773288856
388552750927856	388552826245361	388552815292148
388552791190190	388552876245625	388552856505648
388552832805440	388552909579009	388552898592773
388552873961231	388552959579127	388552940212981
388552915880648	388552992912392	388552982023856
388552958068440	388553042912903	388553024437356
388552999586815	388553076245880	388553066633190
388553042438440	388553126246167	388553110398731
388553084122565	388553176246131	388553156343898
388553128431398	388553226246391	388553204296981
388553173751981	388553276246503	388553251449898
388553222038856	388553309580421	388553299967981
388553268156356	388553359580012	388553349647856
388553319420273	388553426246835	388553401826356
388553370260023	388553476246792	388553455201482
388553419337690	388553526247148	388553509088315
388553471933565	388553576247148	388553561416107
388553527113690	388553626247062	388553613705565
388553580228565	388553676247393	388553666501940
388553629711315	388553742914166	388553719448232
388553685560398	388553792914135	388553774476523
388553739458648	388553842914389	388553829290773
388553794000190	388553909581520	388553885537398
388553852965565	388553959581304	388553940914732
388553995372398	388554059581351	388554045242190
388554011515065	388554126248287	388554101832065
388554063625565	388554176248237	388554158607982
388554119860523	388554226248376	388554213149524
388554177129190	388554276249162	388554266332357
388554229875107	388554342915281	388554318839399
388554282950482	388554392915579	388554370870899
388554336463565	388554442915839	388554423962440
388554389049399	388554492915786	388554476947732
388554441577940	388554542915850	388554530438357
388554494338232	388554592915794	388554583707690
388554546971107	388554642916113	388554633251940
388554600379357	388554692916192	388554681718315
388554655169524	388554742916279	388554729185982
388554705423940	388554792916421	388554777141232
388554747462565	388554842916538	388554822573607
388554800814524	388554876249757	388554866329816
388554840150607	388554926250065	388554908292191
388554882860774	388554959583511	388554950266982
388554927657107	388555009583405	388554991729316
388554967118024	388555042916918	388555033438857
388555008649816	388555092917125	388555074789857
388555050749774	388555126250300	388555115629024
388555091893024	388555176250554	388555156717399
388555133810774	388555209583815	388555195856941
388555174248274	388555259584061	388555235123857
388555212818316	388555292917493	388555272097774
388555254407149	388555326250907	388555308045899
388555289324316	388555359584321	388555343722649
388555325853816	388555392917534	388555379261316
388555370190899	388555426251721	388555415687482
388555402864941	388555476251205	388555451619316
388555438542816	388555509584459	388555486968524
388555475011232	388555542918054	388555522563024
388555507318774	388555576251236	388555558535774
388555540917108	388555609584697	388555595129691
388555576241483	388555642918081	388555631872608
388555618586233	388555692918340	388555668131316
388555650843691	388555726251576	388555705123441
388555685281441	388555759584996	388555744034733
388555723954108	388555792918576	388555783789941
388555761806899	388555842918658	388555824300566
388555805572233	388555876252066	388555866212899
388555842334983	388555926252136	388555907431066
388555883246483	388555959585571	388555948941816
388555925469816	388556009585682	388555990581691
388555967142108	388556042919080	388556032348316
388556008934108	388556092919185	388556074480108
388556050122858	388556126252448	388556116660233
388556092609566	388556176252747	388556160332066
388556133979566	388556226253432	388556206548941
388556178602691	388556276252942	388556254539691
388556226820233	388556326252875	388556301944983
388556272402275	388556359586425	388556350622650
388556320209983	388556409586368	388556400247066
388556370240566	388556476253568	388556452759858
388556423324691	388556526253673	388556506400650
388556470324025	388556576253772	388556559907066
388556530157566	388556626253686	388556612117900
388556577926941	388556676253771	388556664447566
388556630603025	388556742920650	388556717408233
388556681832691	388556792920681	388556770535691
388556734867483	388556842920833	388556825693191
388556788687400	388556892920920	388556880466191
388556843758025	388556959587697	388556936766233
388556905345525	388557009587670	388556991682483
388557078031900	388557142921401	388557127951442
388557095277233	388557192921572	388557183921400
388557145182608	388557259588397	388557239839983
388557202352942	388557309588341	388557295821317
388557257468650	388557359588606	388557349259775
388557312750317	388557426255547	388557402791233
388557366407942	388557476255303	388557454951400
388557421521483	388557526255469	388557507212317
388557472254233	388557576255941	388557560516983
388557525410108	388557626255832	388557614177775
388557578130192	388557676255743	388557666974234
388557631259150	388557726255898	388557716759775
388557686825067	388557776256145	388557764744775
388557734507192	388557826256242	388557811741234
388557781802025	388557876256370	388557860093484
388557830746275	388557926256468	388557906611400
388557877985109	388557959589840	388557950745025
388557924699525	388558009589976	388557992100359
388557967242484	388558042923384	388558033832442
388558010037775	388558092923324	388558074614234
388558050655650	388558126256762	388558116113609
388558092713984	388558176256847	388558156911192
388558134893067	388558209590390	388558199052192
388558174665609	388558259590562	388558240063692
388558216966692	388558292924057	388558279743692
388558257250442	388558342924045	388558319324234
388558296735484	388558376257606	388558356506942
388558337132359	388558409590700	388558392767067
388558374349151	388558442924071	388558429056026
388558412120651	388558476257684	388558465616942
388558454808609	388558526258007	388558501114609
388558484580109	9223372036854775807	388558536187692
388558527197026	9223372036854775807	9223372036854775807
